# ground truth trajectory
# file: 'rgbd_dataset_freiburg1_xyz.bag'
# timestamp tx ty tz qx qy qz qw
1620594460.812944 0.9114 -1.6003 5.8375 0.0000 0.0000 0.0000 1.0000
1620594460.846277 0.9114 -1.6003 5.8075 0.0000 0.0000 0.0000 1.0000
1620594460.879611 0.9114 -1.6003 5.7775 0.0000 0.0000 0.0000 1.0000
1620594460.912944 0.9114 -1.6003 5.7475 0.0000 0.0000 0.0000 1.0000
1620594460.946277 0.9114 -1.6003 5.7175 0.0000 0.0000 0.0000 1.0000
1620594460.979610 0.9114 -1.6003 5.6875 0.0000 0.0000 0.0000 1.0000
1620594461.012944 0.9114 -1.6003 5.6575 0.0000 0.0000 0.0000 1.0000
1620594461.046277 0.9114 -1.6003 5.6275 0.0000 0.0000 0.0000 1.0000
1620594461.079610 0.9114 -1.6003 5.5975 0.0000 0.0000 0.0000 1.0000
1620594461.112944 0.9114 -1.6003 5.5675 0.0000 0.0000 0.0000 1.0000
1620594461.146277 0.9114 -1.6003 5.5375 0.0000 0.0000 0.0000 1.0000
1620594461.179610 0.9114 -1.6003 5.5075 0.0000 0.0000 0.0000 1.0000
1620594461.212944 0.9114 -1.6003 5.4775 0.0000 0.0000 0.0000 1.0000
1620594461.246277 0.9113 -1.6003 5.4475 0.0000 0.0000 0.0000 1.0000
1620594461.279610 0.9113 -1.6003 5.4175 0.0000 0.0000 0.0000 1.0000
1620594461.312943 0.9113 -1.6003 5.3875 0.0000 0.0000 0.0000 1.0000
1620594461.346277 0.9113 -1.6003 5.3575 0.0000 0.0000 0.0000 1.0000
1620594461.379610 0.9113 -1.6003 5.3275 0.0000 0.0000 0.0000 1.0000
1620594461.412943 0.9113 -1.6003 5.3275 0.0000 0.0026 0.0000 1.0000
1620594461.446277 0.9113 -1.6003 5.3275 0.0000 0.0053 0.0000 1.0000
1620594461.479610 0.9113 -1.6003 5.3275 0.0000 0.0079 0.0000 1.0000
1620594461.512943 0.9113 -1.6003 5.3275 0.0000 0.0105 0.0000 0.9999
1620594461.546277 0.9113 -1.6003 5.3275 0.0000 0.0131 0.0000 0.9999
1620594461.579610 0.9113 -1.6003 5.3275 0.0000 0.0157 0.0000 0.9999
1620594461.612943 0.9113 -1.6003 5.3275 0.0000 0.0183 0.0000 0.9998
1620594461.646276 0.9113 -1.6003 5.3275 0.0000 0.0210 0.0000 0.9998
1620594461.679610 0.9113 -1.6003 5.3275 0.0000 0.0236 0.0000 0.9997
1620594461.712943 0.9113 -1.6003 5.3275 0.0000 0.0262 0.0000 0.9997
1620594461.746276 0.9113 -1.6003 5.3275 0.0000 0.0288 0.0000 0.9996
1620594461.779610 0.9113 -1.6003 5.3275 0.0000 0.0314 0.0000 0.9995
1620594461.812943 0.9113 -1.6003 5.3275 0.0000 0.0341 0.0000 0.9994
1620594461.846276 0.9113 -1.6003 5.3275 0.0000 0.0367 0.0000 0.9993
1620594461.879610 0.9113 -1.6003 5.3275 0.0000 0.0393 0.0000 0.9992
1620594461.912943 0.9113 -1.6003 5.3275 0.0000 0.0419 0.0000 0.9991
1620594461.946276 0.9113 -1.6003 5.3275 0.0000 0.0445 0.0000 0.9990
1620594461.979609 0.9113 -1.6003 5.3275 0.0000 0.0471 0.0000 0.9989
1620594462.012943 0.9113 -1.6003 5.3275 0.0000 0.0497 0.0000 0.9988
1620594462.046276 0.9113 -1.6003 5.3275 0.0000 0.0524 0.0000 0.9986
1620594462.079609 0.9113 -1.6003 5.3275 0.0000 0.0550 0.0000 0.9985
1620594462.112943 0.9113 -1.6003 5.3275 0.0000 0.0576 0.0000 0.9983
1620594462.146276 0.9113 -1.6003 5.3275 0.0000 0.0602 0.0000 0.9982
1620594462.179609 0.9113 -1.6003 5.3275 0.0000 0.0628 0.0000 0.9980
1620594462.212943 0.9113 -1.6003 5.3275 0.0000 0.0654 0.0000 0.9979
1620594462.246276 0.9113 -1.6003 5.3275 0.0000 0.0680 0.0000 0.9977
1620594462.279609 0.9113 -1.6003 5.3275 0.0000 0.0707 0.0000 0.9975
1620594462.312943 0.9113 -1.6003 5.3275 0.0000 0.0733 0.0000 0.9973
1620594462.346276 0.9113 -1.6003 5.3275 0.0000 0.0759 0.0000 0.9971
1620594462.379609 0.9113 -1.6003 5.3275 0.0000 0.0785 0.0000 0.9969
1620594462.412942 0.9113 -1.6003 5.3275 0.0000 0.0811 0.0000 0.9967
1620594462.446276 0.9113 -1.6003 5.3275 0.0000 0.0837 0.0000 0.9965
1620594462.479609 0.9113 -1.6003 5.3275 0.0000 0.0863 0.0000 0.9963
1620594462.512942 0.9113 -1.6003 5.3275 0.0000 0.0889 0.0000 0.9960
1620594462.546276 0.9113 -1.6003 5.3275 0.0000 0.0915 0.0000 0.9958
1620594462.579609 0.9113 -1.6003 5.3275 0.0000 0.0941 0.0000 0.9956
1620594462.612942 0.9113 -1.6003 5.3275 0.0000 0.0967 0.0000 0.9953
1620594462.646276 0.9113 -1.6003 5.3275 0.0000 0.0993 0.0000 0.9951
1620594462.679609 0.9113 -1.6003 5.3275 0.0000 0.1019 0.0000 0.9948
1620594462.712942 0.9113 -1.6003 5.3275 0.0000 0.1046 0.0000 0.9945
1620594462.746275 0.9113 -1.6003 5.3275 0.0000 0.1072 0.0000 0.9942
1620594462.779609 0.9113 -1.6003 5.3275 0.0000 0.1098 0.0000 0.9940
1620594462.812942 0.9113 -1.6003 5.3275 0.0000 0.1124 0.0000 0.9937
1620594462.846275 0.9113 -1.6003 5.3275 0.0000 0.1150 0.0000 0.9934
1620594462.879609 0.9113 -1.6003 5.3275 0.0000 0.1176 0.0000 0.9931
1620594462.912942 0.9113 -1.6003 5.3275 0.0000 0.1202 0.0000 0.9928
1620594462.946275 0.9042 -1.6003 5.2983 0.0000 0.1202 0.0000 0.9928
1620594462.979609 0.8970 -1.6003 5.2692 0.0000 0.1202 0.0000 0.9928
1620594463.012942 0.8899 -1.6003 5.2401 0.0000 0.1202 0.0000 0.9928
1620594463.046275 0.8827 -1.6003 5.2109 0.0000 0.1202 0.0000 0.9928
1620594463.079608 0.8756 -1.6003 5.1818 0.0000 0.1202 0.0000 0.9928
1620594463.112942 0.8684 -1.6003 5.1527 0.0000 0.1202 0.0000 0.9928
1620594463.146275 0.8612 -1.6003 5.1235 0.0000 0.1202 0.0000 0.9928
1620594463.179608 0.8612 -1.6003 5.1235 0.0000 0.1228 0.0000 0.9924
1620594463.212942 0.8612 -1.6003 5.1235 0.0000 0.1254 0.0000 0.9921
1620594463.246275 0.8612 -1.6003 5.1235 0.0000 0.1280 0.0000 0.9918
1620594463.279608 0.8612 -1.6003 5.1235 0.0000 0.1306 0.0000 0.9914
1620594463.312942 0.8612 -1.6003 5.1235 0.0000 0.1331 0.0000 0.9911
1620594463.346275 0.8612 -1.6003 5.1235 0.0000 0.1357 0.0000 0.9907
1620594463.379608 0.8612 -1.6003 5.1235 0.0000 0.1383 0.0000 0.9904
1620594463.412941 0.8612 -1.6003 5.1235 0.0000 0.1409 0.0000 0.9900
1620594463.446275 0.8612 -1.6003 5.1235 0.0000 0.1435 0.0000 0.9896
1620594463.479608 0.8612 -1.6003 5.1235 0.0000 0.1461 0.0000 0.9893
1620594463.512941 0.8612 -1.6003 5.1235 0.0000 0.1487 0.0000 0.9889
1620594463.546275 0.8612 -1.6003 5.1235 0.0000 0.1513 0.0000 0.9885
1620594463.579608 0.8612 -1.6003 5.1235 0.0000 0.1539 0.0000 0.9881
1620594463.612941 0.8612 -1.6003 5.1235 0.0000 0.1565 0.0000 0.9877
1620594463.646275 0.8612 -1.6003 5.1235 0.0000 0.1590 0.0000 0.9873
1620594463.679608 0.8612 -1.6003 5.1235 0.0000 0.1616 0.0000 0.9869
1620594463.712941 0.8612 -1.6003 5.1235 0.0000 0.1642 0.0000 0.9864
1620594463.746274 0.8612 -1.6003 5.1235 0.0000 0.1668 0.0000 0.9860
1620594463.779608 0.8514 -1.6003 5.0952 0.0000 0.1668 0.0000 0.9860
1620594463.812941 0.8415 -1.6003 5.0669 0.0000 0.1668 0.0000 0.9860
1620594463.846274 0.8316 -1.6003 5.0385 0.0000 0.1668 0.0000 0.9860
1620594463.879608 0.8218 -1.6003 5.0102 0.0000 0.1668 0.0000 0.9860
1620594463.912941 0.8119 -1.6003 4.9819 0.0000 0.1668 0.0000 0.9860
1620594463.946274 0.8020 -1.6003 4.9536 0.0000 0.1668 0.0000 0.9860
1620594463.979608 0.7922 -1.6003 4.9252 0.0000 0.1668 0.0000 0.9860
1620594464.012941 0.7823 -1.6003 4.8969 0.0000 0.1668 0.0000 0.9860
1620594464.046274 0.7724 -1.6003 4.8686 0.0000 0.1668 0.0000 0.9860
1620594464.079607 0.7626 -1.6003 4.8402 0.0000 0.1668 0.0000 0.9860
1620594464.112941 0.7527 -1.6003 4.8119 0.0000 0.1668 0.0000 0.9860
1620594464.146274 0.7428 -1.6003 4.7836 0.0000 0.1668 0.0000 0.9860
1620594464.179607 0.7330 -1.6003 4.7552 0.0000 0.1668 0.0000 0.9860
1620594464.212941 0.7231 -1.6003 4.7269 0.0000 0.1668 0.0000 0.9860
1620594464.246274 0.7132 -1.6003 4.6986 0.0000 0.1668 0.0000 0.9860
1620594464.279607 0.7034 -1.6003 4.6702 0.0000 0.1668 0.0000 0.9860
1620594464.312941 0.6935 -1.6003 4.6419 0.0000 0.1668 0.0000 0.9860
1620594464.346274 0.6836 -1.6003 4.6136 0.0000 0.1668 0.0000 0.9860
1620594464.379607 0.6738 -1.6003 4.5853 0.0000 0.1668 0.0000 0.9860
1620594464.412941 0.6639 -1.6003 4.5569 0.0000 0.1668 0.0000 0.9860
1620594464.446274 0.6540 -1.6003 4.5286 0.0000 0.1668 0.0000 0.9860
1620594464.479607 0.6442 -1.6003 4.5003 0.0000 0.1668 0.0000 0.9860
1620594464.512940 0.6343 -1.6003 4.4719 0.0000 0.1668 0.0000 0.9860
1620594464.546274 0.6244 -1.6003 4.4436 0.0000 0.1668 0.0000 0.9860
1620594464.579607 0.6146 -1.6003 4.4153 0.0000 0.1668 0.0000 0.9860
1620594464.612940 0.6047 -1.6003 4.3869 0.0000 0.1668 0.0000 0.9860
1620594464.646274 0.5948 -1.6003 4.3586 0.0000 0.1668 0.0000 0.9860
1620594464.679607 0.5850 -1.6003 4.3303 0.0000 0.1668 0.0000 0.9860
1620594464.712940 0.5751 -1.6003 4.3019 0.0000 0.1668 0.0000 0.9860
1620594464.746274 0.5652 -1.6003 4.2736 0.0000 0.1668 0.0000 0.9860
1620594464.779607 0.5554 -1.6003 4.2453 0.0000 0.1668 0.0000 0.9860
1620594464.812940 0.5455 -1.6003 4.2170 0.0000 0.1668 0.0000 0.9860
1620594464.846273 0.5356 -1.6003 4.1886 0.0000 0.1668 0.0000 0.9860
1620594464.879607 0.5258 -1.6003 4.1603 0.0000 0.1668 0.0000 0.9860
1620594464.912940 0.5159 -1.6003 4.1320 0.0000 0.1668 0.0000 0.9860
1620594464.946273 0.5060 -1.6003 4.1036 0.0000 0.1668 0.0000 0.9860
1620594464.979607 0.4961 -1.6003 4.0753 0.0000 0.1668 0.0000 0.9860
1620594465.012940 0.4863 -1.6003 4.0470 0.0000 0.1668 0.0000 0.9860
1620594465.046273 0.4764 -1.6003 4.0186 0.0000 0.1668 0.0000 0.9860
1620594465.079607 0.4665 -1.6003 3.9903 0.0000 0.1668 0.0000 0.9860
1620594465.112940 0.4567 -1.6003 3.9620 0.0000 0.1668 0.0000 0.9860
1620594465.146273 0.4468 -1.6003 3.9336 0.0000 0.1668 0.0000 0.9860
1620594465.179606 0.4369 -1.6003 3.9053 0.0000 0.1668 0.0000 0.9860
1620594465.212940 0.4271 -1.6003 3.8770 0.0000 0.1668 0.0000 0.9860
1620594465.246273 0.4172 -1.6003 3.8487 0.0000 0.1668 0.0000 0.9860
1620594465.279606 0.4073 -1.6003 3.8203 0.0000 0.1668 0.0000 0.9860
1620594465.312940 0.3975 -1.6003 3.7920 0.0000 0.1668 0.0000 0.9860
1620594465.346273 0.3876 -1.6003 3.7637 0.0000 0.1668 0.0000 0.9860
1620594465.379606 0.3777 -1.6003 3.7353 0.0000 0.1668 0.0000 0.9860
1620594465.412940 0.3679 -1.6003 3.7070 0.0000 0.1668 0.0000 0.9860
1620594465.446273 0.3580 -1.6003 3.6787 0.0000 0.1668 0.0000 0.9860
1620594465.479606 0.3481 -1.6003 3.6503 0.0000 0.1668 0.0000 0.9860
1620594465.512939 0.3383 -1.6003 3.6220 0.0000 0.1668 0.0000 0.9860
1620594465.546273 0.3284 -1.6003 3.5937 0.0000 0.1668 0.0000 0.9860
1620594465.579606 0.3185 -1.6003 3.5653 0.0000 0.1668 0.0000 0.9860
1620594465.612939 0.3087 -1.6003 3.5370 0.0000 0.1668 0.0000 0.9860
1620594465.646273 0.2988 -1.6003 3.5087 0.0000 0.1668 0.0000 0.9860
1620594465.679606 0.2889 -1.6003 3.4804 0.0000 0.1668 0.0000 0.9860
1620594465.712939 0.2791 -1.6003 3.4520 0.0000 0.1668 0.0000 0.9860
1620594465.746273 0.2692 -1.6003 3.4237 0.0000 0.1668 0.0000 0.9860
1620594465.779606 0.2593 -1.6003 3.3954 0.0000 0.1668 0.0000 0.9860
1620594465.812939 0.2495 -1.6003 3.3670 0.0000 0.1668 0.0000 0.9860
1620594465.846272 0.2396 -1.6003 3.3387 0.0000 0.1668 0.0000 0.9860
1620594465.879606 0.2297 -1.6003 3.3104 0.0000 0.1668 0.0000 0.9860
1620594465.912939 0.2199 -1.6003 3.2820 0.0000 0.1668 0.0000 0.9860
1620594465.946272 0.2100 -1.6003 3.2537 0.0000 0.1668 0.0000 0.9860
1620594465.979606 0.2001 -1.6003 3.2254 0.0000 0.1668 0.0000 0.9860
1620594466.012939 0.1903 -1.6003 3.1970 0.0000 0.1668 0.0000 0.9860
1620594466.046272 0.1804 -1.6003 3.1687 0.0000 0.1668 0.0000 0.9860
1620594466.079606 0.1705 -1.6003 3.1404 0.0000 0.1668 0.0000 0.9860
1620594466.112939 0.1607 -1.6003 3.1121 0.0000 0.1668 0.0000 0.9860
1620594466.146272 0.1508 -1.6003 3.0837 0.0000 0.1668 0.0000 0.9860
1620594466.179605 0.1409 -1.6003 3.0554 0.0000 0.1668 0.0000 0.9860
1620594466.212939 0.1311 -1.6003 3.0271 0.0000 0.1668 0.0000 0.9860
1620594466.246272 0.1212 -1.6003 2.9987 0.0000 0.1668 0.0000 0.9860
1620594466.279605 0.1113 -1.6003 2.9704 0.0000 0.1668 0.0000 0.9860
1620594466.312939 0.1015 -1.6003 2.9421 0.0000 0.1668 0.0000 0.9860
1620594466.346272 0.0916 -1.6003 2.9137 0.0000 0.1668 0.0000 0.9860
1620594466.379605 0.0817 -1.6003 2.8854 0.0000 0.1668 0.0000 0.9860
1620594466.412939 0.0719 -1.6003 2.8571 0.0000 0.1668 0.0000 0.9860
1620594466.446272 0.0620 -1.6003 2.8287 0.0000 0.1668 0.0000 0.9860
1620594466.479605 0.0521 -1.6003 2.8004 0.0000 0.1668 0.0000 0.9860
1620594466.512938 0.0422 -1.6003 2.7721 0.0000 0.1668 0.0000 0.9860
1620594466.546272 0.0324 -1.6003 2.7438 0.0000 0.1668 0.0000 0.9860
1620594466.579605 0.0225 -1.6003 2.7154 0.0000 0.1668 0.0000 0.9860
1620594466.612938 0.0126 -1.6003 2.6871 0.0000 0.1668 0.0000 0.9860
1620594466.646272 0.0028 -1.6003 2.6588 0.0000 0.1668 0.0000 0.9860
1620594466.679605 -0.0071 -1.6003 2.6304 0.0000 0.1668 0.0000 0.9860
1620594466.712938 -0.0170 -1.6003 2.6021 0.0000 0.1668 0.0000 0.9860
1620594466.746272 -0.0268 -1.6003 2.5738 0.0000 0.1668 0.0000 0.9860
1620594466.779605 -0.0367 -1.6003 2.5454 0.0000 0.1668 0.0000 0.9860
1620594466.812938 -0.0466 -1.6003 2.5171 0.0000 0.1668 0.0000 0.9860
1620594466.846272 -0.0564 -1.6003 2.4888 0.0000 0.1668 0.0000 0.9860
1620594466.879605 -0.0663 -1.6003 2.4604 0.0000 0.1668 0.0000 0.9860
1620594466.912938 -0.0762 -1.6003 2.4321 0.0000 0.1668 0.0000 0.9860
1620594466.946271 -0.0860 -1.6003 2.4038 0.0000 0.1668 0.0000 0.9860
1620594466.979605 -0.0959 -1.6003 2.3754 0.0000 0.1668 0.0000 0.9860
1620594467.012938 -0.0959 -1.6003 2.3754 0.0000 0.1642 0.0000 0.9864
1620594467.046271 -0.0959 -1.6003 2.3754 0.0000 0.1616 0.0000 0.9869
1620594467.079605 -0.0959 -1.6003 2.3754 0.0000 0.1590 0.0000 0.9873
1620594467.112938 -0.0959 -1.6003 2.3754 0.0000 0.1565 0.0000 0.9877
1620594467.146271 -0.0959 -1.6003 2.3754 0.0000 0.1539 0.0000 0.9881
1620594467.179605 -0.0959 -1.6003 2.3754 0.0000 0.1513 0.0000 0.9885
1620594467.212938 -0.0959 -1.6003 2.3754 0.0000 0.1487 0.0000 0.9889
1620594467.246271 -0.0959 -1.6003 2.3754 0.0000 0.1461 0.0000 0.9893
1620594467.279604 -0.0959 -1.6003 2.3754 0.0000 0.1435 0.0000 0.9896
1620594467.312938 -0.0959 -1.6003 2.3754 0.0000 0.1409 0.0000 0.9900
1620594467.346271 -0.0959 -1.6003 2.3754 0.0000 0.1383 0.0000 0.9904
1620594467.379604 -0.0959 -1.6003 2.3754 0.0000 0.1357 0.0000 0.9907
1620594467.412938 -0.0959 -1.6003 2.3754 0.0000 0.1331 0.0000 0.9911
1620594467.446271 -0.0959 -1.6003 2.3754 0.0000 0.1306 0.0000 0.9914
1620594467.479604 -0.0959 -1.6003 2.3754 0.0000 0.1280 0.0000 0.9918
1620594467.512938 -0.0959 -1.6003 2.3754 0.0000 0.1254 0.0000 0.9921
1620594467.546271 -0.0959 -1.6003 2.3754 0.0000 0.1228 0.0000 0.9924
1620594467.579604 -0.0959 -1.6003 2.3754 0.0000 0.1202 0.0000 0.9928
1620594467.612937 -0.0959 -1.6003 2.3754 0.0000 0.1176 0.0000 0.9931
1620594467.646271 -0.0959 -1.6003 2.3754 0.0000 0.1150 0.0000 0.9934
1620594467.679604 -0.0959 -1.6003 2.3754 0.0000 0.1124 0.0000 0.9937
1620594467.712937 -0.0959 -1.6003 2.3754 0.0000 0.1098 0.0000 0.9940
1620594467.746271 -0.0959 -1.6003 2.3754 0.0000 0.1072 0.0000 0.9942
1620594467.779604 -0.0959 -1.6003 2.3754 0.0000 0.1046 0.0000 0.9945
1620594467.812937 -0.0959 -1.6003 2.3754 0.0000 0.1019 0.0000 0.9948
1620594467.846271 -0.0959 -1.6003 2.3754 0.0000 0.0993 0.0000 0.9951
1620594467.879604 -0.0959 -1.6003 2.3754 0.0000 0.0967 0.0000 0.9953
1620594467.912937 -0.0959 -1.6003 2.3754 0.0000 0.0941 0.0000 0.9956
1620594467.946270 -0.0959 -1.6003 2.3754 0.0000 0.0915 0.0000 0.9958
1620594467.979604 -0.0959 -1.6003 2.3754 0.0000 0.0889 0.0000 0.9960
1620594468.012937 -0.0959 -1.6003 2.3754 0.0000 0.0863 0.0000 0.9963
1620594468.046270 -0.0959 -1.6003 2.3754 0.0000 0.0837 0.0000 0.9965
1620594468.079604 -0.0959 -1.6003 2.3754 0.0000 0.0811 0.0000 0.9967
1620594468.112937 -0.0959 -1.6003 2.3754 0.0000 0.0785 0.0000 0.9969
1620594468.146270 -0.0959 -1.6003 2.3754 0.0000 0.0759 0.0000 0.9971
1620594468.179604 -0.0959 -1.6003 2.3754 0.0000 0.0733 0.0000 0.9973
1620594468.212937 -0.0959 -1.6003 2.3754 0.0000 0.0707 0.0000 0.9975
1620594468.246270 -0.0959 -1.6003 2.3754 0.0000 0.0680 0.0000 0.9977
1620594468.279603 -0.0959 -1.6003 2.3754 0.0000 0.0654 0.0000 0.9979
1620594468.312937 -0.0959 -1.6003 2.3754 0.0000 0.0628 0.0000 0.9980
1620594468.346270 -0.0959 -1.6003 2.3754 0.0000 0.0602 0.0000 0.9982
1620594468.379603 -0.0959 -1.6003 2.3754 0.0000 0.0576 0.0000 0.9983
1620594468.412937 -0.0959 -1.6003 2.3754 0.0000 0.0550 0.0000 0.9985
1620594468.446270 -0.0959 -1.6003 2.3754 0.0000 0.0524 0.0000 0.9986
1620594468.479603 -0.0959 -1.6003 2.3754 0.0000 0.0497 0.0000 0.9988
1620594468.512937 -0.0959 -1.6003 2.3754 0.0000 0.0471 0.0000 0.9989
1620594468.546270 -0.0959 -1.6003 2.3754 0.0000 0.0445 0.0000 0.9990
1620594468.579603 -0.0959 -1.6003 2.3754 0.0000 0.0419 0.0000 0.9991
1620594468.612936 -0.0959 -1.6003 2.3754 0.0000 0.0393 0.0000 0.9992
1620594468.646270 -0.0959 -1.6003 2.3754 0.0000 0.0367 0.0000 0.9993
1620594468.679603 -0.0959 -1.6003 2.3754 0.0000 0.0341 0.0000 0.9994
1620594468.712936 -0.0959 -1.6003 2.3754 0.0000 0.0314 0.0000 0.9995
1620594468.746270 -0.0959 -1.6003 2.3754 0.0000 0.0288 0.0000 0.9996
1620594468.779603 -0.0959 -1.6003 2.3754 0.0000 0.0262 0.0000 0.9997
1620594468.812936 -0.0959 -1.6003 2.3754 0.0000 0.0236 0.0000 0.9997
1620594468.846270 -0.0959 -1.6003 2.3754 0.0000 0.0210 0.0000 0.9998
1620594468.879603 -0.0959 -1.6003 2.3754 0.0000 0.0183 0.0000 0.9998
1620594468.912936 -0.0959 -1.6003 2.3754 0.0000 0.0157 0.0000 0.9999
1620594468.946270 -0.0959 -1.6003 2.3754 0.0000 0.0131 0.0000 0.9999
1620594468.979603 -0.0959 -1.6003 2.3754 0.0000 0.0105 0.0000 0.9999
1620594469.012936 -0.0959 -1.6003 2.3754 0.0000 0.0079 0.0000 1.0000
1620594469.046269 -0.0959 -1.6003 2.3754 0.0000 0.0053 0.0000 1.0000
1620594469.079603 -0.0959 -1.6003 2.3754 0.0000 0.0026 0.0000 1.0000
1620594469.112936 -0.0959 -1.6003 2.3754 0.0000 0.0000 0.0000 1.0000
1620594469.146269 -0.0959 -1.6003 2.3754 0.0000 -0.0026 0.0000 1.0000
1620594469.179603 -0.0959 -1.6003 2.3754 0.0000 -0.0052 0.0000 1.0000
1620594469.212936 -0.0959 -1.6003 2.3754 0.0000 -0.0078 0.0000 1.0000
1620594469.246269 -0.0959 -1.6003 2.3754 0.0000 -0.0104 0.0000 0.9999
1620594469.279603 -0.0959 -1.6003 2.3754 0.0000 -0.0131 0.0000 0.9999
1620594469.312936 -0.0951 -1.6003 2.3455 0.0000 -0.0131 0.0000 0.9999
1620594469.346269 -0.0943 -1.6003 2.3155 0.0000 -0.0131 0.0000 0.9999
1620594469.379602 -0.0935 -1.6003 2.2855 0.0000 -0.0131 0.0000 0.9999
1620594469.412936 -0.0928 -1.6003 2.2555 0.0000 -0.0131 0.0000 0.9999
1620594469.446269 -0.0920 -1.6003 2.2255 0.0000 -0.0131 0.0000 0.9999
1620594469.479602 -0.0912 -1.6003 2.1955 0.0000 -0.0131 0.0000 0.9999
1620594469.512936 -0.0904 -1.6003 2.1655 0.0000 -0.0131 0.0000 0.9999
1620594469.546269 -0.0896 -1.6003 2.1355 0.0000 -0.0131 0.0000 0.9999
1620594469.579602 -0.0888 -1.6003 2.1055 0.0000 -0.0131 0.0000 0.9999
1620594469.612936 -0.0881 -1.6003 2.0756 0.0000 -0.0131 0.0000 0.9999
1620594469.646269 -0.0873 -1.6003 2.0456 0.0000 -0.0131 0.0000 0.9999
1620594469.679602 -0.0865 -1.6003 2.0156 0.0000 -0.0131 0.0000 0.9999
1620594469.712935 -0.0857 -1.6003 1.9856 0.0000 -0.0131 0.0000 0.9999
1620594469.746269 -0.0849 -1.6003 1.9556 0.0000 -0.0131 0.0000 0.9999
1620594469.779602 -0.0841 -1.6003 1.9256 0.0000 -0.0131 0.0000 0.9999
1620594469.812935 -0.0834 -1.6003 1.8956 0.0000 -0.0131 0.0000 0.9999
1620594469.846269 -0.0826 -1.6003 1.8656 0.0000 -0.0131 0.0000 0.9999
1620594469.879602 -0.0818 -1.6003 1.8356 0.0000 -0.0131 0.0000 0.9999
1620594469.912935 -0.0810 -1.6003 1.8056 0.0000 -0.0131 0.0000 0.9999
1620594469.946269 -0.0802 -1.6003 1.7757 0.0000 -0.0131 0.0000 0.9999
1620594469.979602 -0.0794 -1.6003 1.7457 0.0000 -0.0131 0.0000 0.9999
1620594470.012935 -0.0787 -1.6003 1.7157 0.0000 -0.0131 0.0000 0.9999
1620594470.046268 -0.0779 -1.6003 1.6857 0.0000 -0.0131 0.0000 0.9999
1620594470.079602 -0.0771 -1.6003 1.6557 0.0000 -0.0131 0.0000 0.9999
1620594470.112935 -0.0763 -1.6003 1.6257 0.0000 -0.0131 0.0000 0.9999
1620594470.146268 -0.0755 -1.6003 1.5957 0.0000 -0.0131 0.0000 0.9999
1620594470.179602 -0.0747 -1.6003 1.5657 0.0000 -0.0131 0.0000 0.9999
1620594470.212935 -0.0739 -1.6003 1.5357 0.0000 -0.0131 0.0000 0.9999
1620594470.246268 -0.0732 -1.6003 1.5057 0.0000 -0.0131 0.0000 0.9999
1620594470.279602 -0.0724 -1.6003 1.4758 0.0000 -0.0131 0.0000 0.9999
1620594470.312935 -0.0716 -1.6003 1.4458 0.0000 -0.0131 0.0000 0.9999
1620594470.346268 -0.0708 -1.6003 1.4158 0.0000 -0.0131 0.0000 0.9999
1620594470.379601 -0.0700 -1.6003 1.3858 0.0000 -0.0131 0.0000 0.9999
1620594470.412935 -0.0692 -1.6003 1.3558 0.0000 -0.0131 0.0000 0.9999
1620594470.446268 -0.0685 -1.6003 1.3258 0.0000 -0.0131 0.0000 0.9999
1620594470.479601 -0.0677 -1.6003 1.2958 0.0000 -0.0131 0.0000 0.9999
1620594470.512935 -0.0669 -1.6003 1.2658 0.0000 -0.0131 0.0000 0.9999
1620594470.546268 -0.0661 -1.6003 1.2358 0.0000 -0.0131 0.0000 0.9999
1620594470.579601 -0.0653 -1.6003 1.2059 0.0000 -0.0131 0.0000 0.9999
1620594470.612935 -0.0645 -1.6003 1.1759 0.0000 -0.0131 0.0000 0.9999
1620594470.646268 -0.0638 -1.6003 1.1459 0.0000 -0.0131 0.0000 0.9999
1620594470.679601 -0.0630 -1.6003 1.1159 0.0000 -0.0131 0.0000 0.9999
1620594470.712934 -0.0622 -1.6003 1.0859 0.0000 -0.0131 0.0000 0.9999
1620594470.746268 -0.0614 -1.6003 1.0559 0.0000 -0.0131 0.0000 0.9999
1620594470.779601 -0.0606 -1.6003 1.0259 0.0000 -0.0131 0.0000 0.9999
1620594470.812934 -0.0598 -1.6003 0.9959 0.0000 -0.0131 0.0000 0.9999
1620594470.846268 -0.0591 -1.6003 0.9659 0.0000 -0.0131 0.0000 0.9999
1620594470.879601 -0.0583 -1.6003 0.9359 0.0000 -0.0131 0.0000 0.9999
1620594470.912934 -0.0575 -1.6003 0.9060 0.0000 -0.0131 0.0000 0.9999
1620594470.946268 -0.0567 -1.6003 0.8760 0.0000 -0.0131 0.0000 0.9999
1620594470.979601 -0.0559 -1.6003 0.8460 0.0000 -0.0131 0.0000 0.9999
1620594471.012934 -0.0551 -1.6003 0.8160 0.0000 -0.0131 0.0000 0.9999
1620594471.046268 -0.0544 -1.6003 0.7860 0.0000 -0.0131 0.0000 0.9999
1620594471.079601 -0.0536 -1.6003 0.7560 0.0000 -0.0131 0.0000 0.9999
1620594471.112934 -0.0528 -1.6003 0.7260 0.0000 -0.0131 0.0000 0.9999
1620594471.146267 -0.0520 -1.6003 0.6960 0.0000 -0.0131 0.0000 0.9999
1620594471.179601 -0.0512 -1.6003 0.6660 0.0000 -0.0131 0.0000 0.9999
1620594471.212934 -0.0504 -1.6003 0.6360 0.0000 -0.0131 0.0000 0.9999
1620594471.246267 -0.0496 -1.6003 0.6061 0.0000 -0.0131 0.0000 0.9999
1620594471.279601 -0.0496 -1.6003 0.6061 0.0000 -0.0157 0.0000 0.9999
1620594471.312934 -0.0496 -1.6003 0.6061 0.0000 -0.0183 0.0000 0.9998
1620594471.346267 -0.0496 -1.6003 0.6061 0.0000 -0.0209 0.0000 0.9998
1620594471.379601 -0.0496 -1.6003 0.6061 0.0000 -0.0235 0.0000 0.9997
1620594471.412934 -0.0496 -1.6003 0.6061 0.0000 -0.0262 0.0000 0.9997
1620594471.446267 -0.0496 -1.6003 0.6061 0.0000 -0.0288 0.0000 0.9996
1620594471.479600 -0.0496 -1.6003 0.6061 0.0000 -0.0314 0.0000 0.9995
1620594471.512934 -0.0496 -1.6003 0.6061 0.0000 -0.0340 0.0000 0.9994
1620594471.546267 -0.0496 -1.6003 0.6061 0.0000 -0.0366 0.0000 0.9993
1620594471.579600 -0.0496 -1.6003 0.6061 0.0000 -0.0392 0.0000 0.9992
1620594471.612934 -0.0496 -1.6003 0.6061 0.0000 -0.0419 0.0000 0.9991
1620594471.646267 -0.0496 -1.6003 0.6061 0.0000 -0.0445 0.0000 0.9990
1620594471.679600 -0.0496 -1.6003 0.6061 0.0000 -0.0471 0.0000 0.9989
1620594471.712934 -0.0496 -1.6003 0.6061 0.0000 -0.0497 0.0000 0.9988
1620594471.746267 -0.0496 -1.6003 0.6061 0.0000 -0.0523 0.0000 0.9986
1620594471.779600 -0.0496 -1.6003 0.6061 0.0000 -0.0549 0.0000 0.9985
1620594471.812933 -0.0496 -1.6003 0.6061 0.0000 -0.0575 0.0000 0.9983
1620594471.846267 -0.0496 -1.6003 0.6061 0.0000 -0.0602 0.0000 0.9982
1620594471.879600 -0.0496 -1.6003 0.6061 0.0000 -0.0628 0.0000 0.9980
1620594471.912933 -0.0496 -1.6003 0.6061 0.0000 -0.0654 0.0000 0.9979
1620594471.946267 -0.0496 -1.6003 0.6061 0.0000 -0.0680 0.0000 0.9977
1620594471.979600 -0.0496 -1.6003 0.6061 0.0000 -0.0706 0.0000 0.9975
1620594472.012933 -0.0496 -1.6003 0.6061 0.0000 -0.0732 0.0000 0.9973
1620594472.046267 -0.0496 -1.6003 0.6061 0.0000 -0.0758 0.0000 0.9971
1620594472.079600 -0.0496 -1.6003 0.6061 0.0000 -0.0784 0.0000 0.9969
1620594472.112933 -0.0496 -1.6003 0.6061 0.0000 -0.0810 0.0000 0.9967
1620594472.146266 -0.0496 -1.6003 0.6061 0.0000 -0.0837 0.0000 0.9965
1620594472.179600 -0.0496 -1.6003 0.6061 0.0000 -0.0863 0.0000 0.9963
1620594472.212933 -0.0496 -1.6003 0.6061 0.0000 -0.0889 0.0000 0.9960
1620594472.246266 -0.0496 -1.6003 0.6061 0.0000 -0.0915 0.0000 0.9958
1620594472.279600 -0.0496 -1.6003 0.6061 0.0000 -0.0941 0.0000 0.9956
1620594472.312933 -0.0496 -1.6003 0.6061 0.0000 -0.0967 0.0000 0.9953
1620594472.346266 -0.0496 -1.6003 0.6061 0.0000 -0.0993 0.0000 0.9951
1620594472.379600 -0.0496 -1.6003 0.6061 0.0000 -0.1019 0.0000 0.9948
1620594472.412933 -0.0496 -1.6003 0.6061 0.0000 -0.1045 0.0000 0.9945
1620594472.446266 -0.0496 -1.6003 0.6061 0.0000 -0.1071 0.0000 0.9942
1620594472.479599 -0.0496 -1.6003 0.6061 0.0000 -0.1097 0.0000 0.9940
1620594472.512933 -0.0496 -1.6003 0.6061 0.0000 -0.1123 0.0000 0.9937
1620594472.546266 -0.0496 -1.6003 0.6061 0.0000 -0.1149 0.0000 0.9934
1620594472.579599 -0.0496 -1.6003 0.6061 0.0000 -0.1175 0.0000 0.9931
1620594472.612933 -0.0496 -1.6003 0.6061 0.0000 -0.1201 0.0000 0.9928
1620594472.646266 -0.0496 -1.6003 0.6061 0.0000 -0.1227 0.0000 0.9924
1620594472.679599 -0.0496 -1.6003 0.6061 0.0000 -0.1253 0.0000 0.9921
1620594472.712933 -0.0496 -1.6003 0.6061 0.0000 -0.1279 0.0000 0.9918
1620594472.746266 -0.0496 -1.6003 0.6061 0.0000 -0.1305 0.0000 0.9914
1620594472.779599 -0.0496 -1.6003 0.6061 0.0000 -0.1331 0.0000 0.9911
1620594472.812932 -0.0496 -1.6003 0.6061 0.0000 -0.1357 0.0000 0.9908
1620594472.846266 -0.0496 -1.6003 0.6061 0.0000 -0.1383 0.0000 0.9904
1620594472.879599 -0.0496 -1.6003 0.6061 0.0000 -0.1409 0.0000 0.9900
1620594472.912932 -0.0496 -1.6003 0.6061 0.0000 -0.1435 0.0000 0.9897
1620594472.946266 -0.0496 -1.6003 0.6061 0.0000 -0.1461 0.0000 0.9893
1620594472.979599 -0.0496 -1.6003 0.6061 0.0000 -0.1486 0.0000 0.9889
1620594473.012932 -0.0496 -1.6003 0.6061 0.0000 -0.1512 0.0000 0.9885
1620594473.046266 -0.0496 -1.6003 0.6061 0.0000 -0.1538 0.0000 0.9881
1620594473.079599 -0.0496 -1.6003 0.6061 0.0000 -0.1564 0.0000 0.9877
1620594473.112932 -0.0496 -1.6003 0.6061 0.0000 -0.1590 0.0000 0.9873
1620594473.146266 -0.0496 -1.6003 0.6061 0.0000 -0.1616 0.0000 0.9869
1620594473.179599 -0.0496 -1.6003 0.6061 0.0000 -0.1642 0.0000 0.9864
1620594473.212932 -0.0496 -1.6003 0.6061 0.0000 -0.1667 0.0000 0.9860
1620594473.246265 -0.0496 -1.6003 0.6061 0.0000 -0.1693 0.0000 0.9856
1620594473.279599 -0.0496 -1.6003 0.6061 0.0000 -0.1719 0.0000 0.9851
1620594473.312932 -0.0496 -1.6003 0.6061 0.0000 -0.1745 0.0000 0.9847
1620594473.346265 -0.0496 -1.6003 0.6061 0.0000 -0.1771 0.0000 0.9842
1620594473.379599 -0.0496 -1.6003 0.6061 0.0000 -0.1796 0.0000 0.9837
1620594473.412932 -0.0496 -1.6003 0.6061 0.0000 -0.1822 0.0000 0.9833
1620594473.446265 -0.0496 -1.6003 0.6061 0.0000 -0.1848 0.0000 0.9828
1620594473.479599 -0.0496 -1.6003 0.6061 0.0000 -0.1874 0.0000 0.9823
1620594473.512932 -0.0496 -1.6003 0.6061 0.0000 -0.1899 0.0000 0.9818
1620594473.546265 -0.0496 -1.6003 0.6061 0.0000 -0.1925 0.0000 0.9813
1620594473.579598 -0.0496 -1.6003 0.6061 0.0000 -0.1951 0.0000 0.9808
1620594473.612932 -0.0496 -1.6003 0.6061 0.0000 -0.1976 0.0000 0.9803
1620594473.646265 -0.0496 -1.6003 0.6061 0.0000 -0.2002 0.0000 0.9798
1620594473.679598 -0.0496 -1.6003 0.6061 0.0000 -0.2028 0.0000 0.9792
1620594473.712932 -0.0496 -1.6003 0.6061 0.0000 -0.2053 0.0000 0.9787
1620594473.746265 -0.0496 -1.6003 0.6061 0.0000 -0.2079 0.0000 0.9782
1620594473.779598 -0.0496 -1.6003 0.6061 0.0000 -0.2104 0.0000 0.9776
1620594473.812932 -0.0496 -1.6003 0.6061 0.0000 -0.2130 0.0000 0.9771
1620594473.846265 -0.0496 -1.6003 0.6061 0.0000 -0.2156 0.0000 0.9765
1620594473.879598 -0.0496 -1.6003 0.6061 0.0000 -0.2181 0.0000 0.9759
1620594473.912931 -0.0496 -1.6003 0.6061 0.0000 -0.2207 0.0000 0.9753
1620594473.946265 -0.0496 -1.6003 0.6061 0.0000 -0.2232 0.0000 0.9748
1620594473.979598 -0.0496 -1.6003 0.6061 0.0000 -0.2258 0.0000 0.9742
1620594474.012931 -0.0496 -1.6003 0.6061 0.0000 -0.2283 0.0000 0.9736
1620594474.046265 -0.0496 -1.6003 0.6061 0.0000 -0.2309 0.0000 0.9730
1620594474.079598 -0.0496 -1.6003 0.6061 0.0000 -0.2334 0.0000 0.9724
1620594474.112931 -0.0496 -1.6003 0.6061 0.0000 -0.2360 0.0000 0.9718
1620594474.146265 -0.0496 -1.6003 0.6061 0.0000 -0.2385 0.0000 0.9711
1620594474.179598 -0.0496 -1.6003 0.6061 0.0000 -0.2411 0.0000 0.9705
1620594474.212931 -0.0496 -1.6003 0.6061 0.0000 -0.2436 0.0000 0.9699
1620594474.246264 -0.0496 -1.6003 0.6061 0.0000 -0.2461 0.0000 0.9692
1620594474.279598 -0.0496 -1.6003 0.6061 0.0000 -0.2487 0.0000 0.9686
1620594474.312931 -0.0496 -1.6003 0.6061 0.0000 -0.2512 0.0000 0.9679
1620594474.346264 -0.0496 -1.6003 0.6061 0.0000 -0.2537 0.0000 0.9673
1620594474.379598 -0.0496 -1.6003 0.6061 0.0000 -0.2563 0.0000 0.9666
1620594474.412931 -0.0496 -1.6003 0.6061 0.0000 -0.2588 0.0000 0.9659
1620594474.446264 -0.0496 -1.6003 0.6061 0.0000 -0.2613 0.0000 0.9653
1620594474.479598 -0.0496 -1.6003 0.6061 0.0000 -0.2638 0.0000 0.9646
1620594474.512931 -0.0496 -1.6003 0.6061 0.0000 -0.2664 0.0000 0.9639
1620594474.546264 -0.0496 -1.6003 0.6061 0.0000 -0.2689 0.0000 0.9632
1620594474.579597 -0.0496 -1.6003 0.6061 0.0000 -0.2714 0.0000 0.9625
1620594474.612931 -0.0496 -1.6003 0.6061 0.0000 -0.2739 0.0000 0.9617
1620594474.646264 -0.0496 -1.6003 0.6061 0.0000 -0.2765 0.0000 0.9610
1620594474.679597 -0.0496 -1.6003 0.6061 0.0000 -0.2790 0.0000 0.9603
1620594474.712931 -0.0496 -1.6003 0.6061 0.0000 -0.2815 0.0000 0.9596
1620594474.746264 -0.0496 -1.6003 0.6061 0.0000 -0.2840 0.0000 0.9588
1620594474.779597 -0.0496 -1.6003 0.6061 0.0000 -0.2865 0.0000 0.9581
1620594474.812931 -0.0496 -1.6003 0.6061 0.0000 -0.2890 0.0000 0.9573
1620594474.846264 -0.0496 -1.6003 0.6061 0.0000 -0.2915 0.0000 0.9566
1620594474.879597 -0.0496 -1.6003 0.6061 0.0000 -0.2940 0.0000 0.9558
1620594474.912930 -0.0496 -1.6003 0.6061 0.0000 -0.2965 0.0000 0.9550
1620594474.946264 -0.0496 -1.6003 0.6061 0.0000 -0.2990 0.0000 0.9542
1620594474.979597 -0.0496 -1.6003 0.6061 0.0000 -0.3015 0.0000 0.9535
1620594475.012930 -0.0496 -1.6003 0.6061 0.0000 -0.3040 0.0000 0.9527
1620594475.046264 -0.0496 -1.6003 0.6061 0.0000 -0.3065 0.0000 0.9519
1620594475.079597 -0.0496 -1.6003 0.6061 0.0000 -0.3090 0.0000 0.9511
1620594475.112930 -0.0496 -1.6003 0.6061 0.0000 -0.3115 0.0000 0.9503
1620594475.146264 -0.0496 -1.6003 0.6061 0.0000 -0.3140 0.0000 0.9494
1620594475.179597 -0.0496 -1.6003 0.6061 0.0000 -0.3165 0.0000 0.9486
1620594475.212930 -0.0496 -1.6003 0.6061 0.0000 -0.3189 0.0000 0.9478
1620594475.246264 -0.0496 -1.6003 0.6061 0.0000 -0.3214 0.0000 0.9469
1620594475.279597 -0.0496 -1.6003 0.6061 0.0000 -0.3239 0.0000 0.9461
1620594475.312930 -0.0496 -1.6003 0.6061 0.0000 -0.3264 0.0000 0.9452
1620594475.346263 -0.0496 -1.6003 0.6061 0.0000 -0.3288 0.0000 0.9444
1620594475.379597 -0.0496 -1.6003 0.6061 0.0000 -0.3313 0.0000 0.9435
1620594475.412930 -0.0496 -1.6003 0.6061 0.0000 -0.3338 0.0000 0.9426
1620594475.446263 -0.0496 -1.6003 0.6061 0.0000 -0.3363 0.0000 0.9418
1620594475.479597 -0.0496 -1.6003 0.6061 0.0000 -0.3387 0.0000 0.9409
1620594475.512930 -0.0496 -1.6003 0.6061 0.0000 -0.3412 0.0000 0.9400
1620594475.546263 -0.0496 -1.6003 0.6061 0.0000 -0.3436 0.0000 0.9391
1620594475.579597 -0.0496 -1.6003 0.6061 0.0000 -0.3461 0.0000 0.9382
1620594475.612930 -0.0496 -1.6003 0.6061 0.0000 -0.3485 0.0000 0.9373
1620594475.646263 -0.0496 -1.6003 0.6061 0.0000 -0.3510 0.0000 0.9364
1620594475.679596 -0.0496 -1.6003 0.6061 0.0000 -0.3535 0.0000 0.9355
1620594475.712930 -0.0496 -1.6003 0.6061 0.0000 -0.3559 0.0000 0.9345
1620594475.746263 -0.0496 -1.6003 0.6061 0.0000 -0.3583 0.0000 0.9336
1620594475.779596 -0.0496 -1.6003 0.6061 0.0000 -0.3608 0.0000 0.9326
1620594475.812930 -0.0496 -1.6003 0.6061 0.0000 -0.3632 0.0000 0.9317
1620594475.846263 -0.0496 -1.6003 0.6061 0.0000 -0.3657 0.0000 0.9307
1620594475.879596 -0.0496 -1.6003 0.6061 0.0000 -0.3681 0.0000 0.9298
1620594475.912930 -0.0496 -1.6003 0.6061 0.0000 -0.3705 0.0000 0.9288
1620594475.946263 -0.0496 -1.6003 0.6061 0.0000 -0.3730 0.0000 0.9278
1620594475.979596 -0.0496 -1.6003 0.6061 0.0000 -0.3754 0.0000 0.9269
1620594476.012929 -0.0496 -1.6003 0.6061 0.0000 -0.3778 0.0000 0.9259
1620594476.046263 -0.0496 -1.6003 0.6061 0.0000 -0.3802 0.0000 0.9249
1620594476.079596 -0.0496 -1.6003 0.6061 0.0000 -0.3827 0.0000 0.9239
1620594476.112929 -0.0496 -1.6003 0.6061 0.0000 -0.3851 0.0000 0.9229
1620594476.146263 -0.0496 -1.6003 0.6061 0.0000 -0.3875 0.0000 0.9219
1620594476.179596 -0.0496 -1.6003 0.6061 0.0000 -0.3899 0.0000 0.9209
1620594476.212929 -0.0496 -1.6003 0.6061 0.0000 -0.3923 0.0000 0.9198
1620594476.246263 -0.0496 -1.6003 0.6061 0.0000 -0.3947 0.0000 0.9188
1620594476.279596 -0.0496 -1.6003 0.6061 0.0000 -0.3971 0.0000 0.9178
1620594476.312929 -0.0496 -1.6003 0.6061 0.0000 -0.3995 0.0000 0.9167
1620594476.346262 -0.0496 -1.6003 0.6061 0.0000 -0.4019 0.0000 0.9157
1620594476.379596 -0.0496 -1.6003 0.6061 0.0000 -0.4043 0.0000 0.9146
1620594476.412929 -0.0496 -1.6003 0.6061 0.0000 -0.4067 0.0000 0.9136
1620594476.446262 -0.0496 -1.6003 0.6061 0.0000 -0.4091 0.0000 0.9125
1620594476.479596 -0.0496 -1.6003 0.6061 0.0000 -0.4115 0.0000 0.9114
1620594476.512929 -0.0496 -1.6003 0.6061 0.0000 -0.4139 0.0000 0.9103
1620594476.546262 -0.0496 -1.6003 0.6061 0.0000 -0.4163 0.0000 0.9092
1620594476.579596 -0.0496 -1.6003 0.6061 0.0000 -0.4186 0.0000 0.9082
1620594476.612929 -0.0496 -1.6003 0.6061 0.0000 -0.4210 0.0000 0.9071
1620594476.646262 -0.0496 -1.6003 0.6061 0.0000 -0.4234 0.0000 0.9059
1620594476.679595 -0.0496 -1.6003 0.6061 0.0000 -0.4258 0.0000 0.9048
1620594476.712929 -0.0496 -1.6003 0.6061 0.0000 -0.4281 0.0000 0.9037
1620594476.746262 -0.0496 -1.6003 0.6061 0.0000 -0.4305 0.0000 0.9026
1620594476.779595 -0.0496 -1.6003 0.6061 0.0000 -0.4329 0.0000 0.9015
1620594476.812929 -0.0496 -1.6003 0.6061 0.0000 -0.4352 0.0000 0.9003
1620594476.846262 -0.0496 -1.6003 0.6061 0.0000 -0.4376 0.0000 0.8992
1620594476.879595 -0.0496 -1.6003 0.6061 0.0000 -0.4399 0.0000 0.8980
1620594476.912929 -0.0496 -1.6003 0.6061 0.0000 -0.4423 0.0000 0.8969
1620594476.946262 -0.0496 -1.6003 0.6061 0.0000 -0.4446 0.0000 0.8957
1620594476.979595 -0.0496 -1.6003 0.6061 0.0000 -0.4470 0.0000 0.8946
1620594477.012928 -0.0496 -1.6003 0.6061 0.0000 -0.4493 0.0000 0.8934
1620594477.046262 -0.0496 -1.6003 0.6061 0.0000 -0.4516 0.0000 0.8922
1620594477.079595 -0.0496 -1.6003 0.6061 0.0000 -0.4540 0.0000 0.8910
1620594477.112928 -0.0496 -1.6003 0.6061 0.0000 -0.4563 0.0000 0.8898
1620594477.146262 -0.0496 -1.6003 0.6061 0.0000 -0.4586 0.0000 0.8886
1620594477.179595 -0.0496 -1.6003 0.6061 0.0000 -0.4610 0.0000 0.8874
1620594477.212928 -0.0496 -1.6003 0.6061 0.0000 -0.4633 0.0000 0.8862
1620594477.246262 -0.0496 -1.6003 0.6061 0.0000 -0.4656 0.0000 0.8850
1620594477.279595 -0.0496 -1.6003 0.6061 0.0000 -0.4679 0.0000 0.8838
1620594477.312928 -0.0496 -1.6003 0.6061 0.0000 -0.4702 0.0000 0.8825
1620594477.346262 -0.0496 -1.6003 0.6061 0.0000 -0.4725 0.0000 0.8813
1620594477.379595 -0.0496 -1.6003 0.6061 0.0000 -0.4748 0.0000 0.8801
1620594477.412928 -0.0496 -1.6003 0.6061 0.0000 -0.4771 0.0000 0.8788
1620594477.446261 -0.0496 -1.6003 0.6061 0.0000 -0.4794 0.0000 0.8776
1620594477.479595 -0.0496 -1.6003 0.6061 0.0000 -0.4817 0.0000 0.8763
1620594477.512928 -0.0496 -1.6003 0.6061 0.0000 -0.4840 0.0000 0.8751
1620594477.546261 -0.0496 -1.6003 0.6061 0.0000 -0.4863 0.0000 0.8738
1620594477.579595 -0.0496 -1.6003 0.6061 0.0000 -0.4886 0.0000 0.8725
1620594477.612928 -0.0496 -1.6003 0.6061 0.0000 -0.4909 0.0000 0.8712
1620594477.646261 -0.0496 -1.6003 0.6061 0.0000 -0.4932 0.0000 0.8699
1620594477.679595 -0.0496 -1.6003 0.6061 0.0000 -0.4954 0.0000 0.8686
1620594477.712928 -0.0238 -1.6003 0.5908 0.0000 -0.4954 0.0000 0.8686
1620594477.746261 0.0020 -1.6003 0.5755 0.0000 -0.4954 0.0000 0.8686
1620594477.779594 0.0278 -1.6003 0.5602 0.0000 -0.4954 0.0000 0.8686
1620594477.812928 0.0536 -1.6003 0.5450 0.0000 -0.4954 0.0000 0.8686
1620594477.846261 0.0795 -1.6003 0.5297 0.0000 -0.4954 0.0000 0.8686
1620594477.879594 0.1053 -1.6003 0.5144 0.0000 -0.4954 0.0000 0.8686
1620594477.912928 0.1311 -1.6003 0.4991 0.0000 -0.4954 0.0000 0.8686
1620594477.946261 0.1569 -1.6003 0.4839 0.0000 -0.4954 0.0000 0.8686
1620594477.979594 0.1827 -1.6003 0.4686 0.0000 -0.4954 0.0000 0.8686
1620594478.012928 0.2086 -1.6003 0.4533 0.0000 -0.4954 0.0000 0.8686
1620594478.046261 0.2344 -1.6003 0.4381 0.0000 -0.4954 0.0000 0.8686
1620594478.079594 0.2602 -1.6003 0.4228 0.0000 -0.4954 0.0000 0.8686
1620594478.112927 0.2860 -1.6003 0.4075 0.0000 -0.4954 0.0000 0.8686
1620594478.146261 0.3119 -1.6003 0.3922 0.0000 -0.4954 0.0000 0.8686
1620594478.179594 0.3377 -1.6003 0.3770 0.0000 -0.4954 0.0000 0.8686
1620594478.212927 0.3635 -1.6003 0.3617 0.0000 -0.4954 0.0000 0.8686
1620594478.246261 0.3893 -1.6003 0.3464 0.0000 -0.4954 0.0000 0.8686
1620594478.279594 0.4151 -1.6003 0.3312 0.0000 -0.4954 0.0000 0.8686
1620594478.312927 0.4410 -1.6003 0.3159 0.0000 -0.4954 0.0000 0.8686
1620594478.346261 0.4668 -1.6003 0.3006 0.0000 -0.4954 0.0000 0.8686
1620594478.379594 0.4926 -1.6003 0.2853 0.0000 -0.4954 0.0000 0.8686
1620594478.412927 0.5184 -1.6003 0.2701 0.0000 -0.4954 0.0000 0.8686
1620594478.446260 0.5184 -1.6003 0.2701 0.0000 -0.4977 0.0000 0.8673
1620594478.479594 0.5184 -1.6003 0.2701 0.0000 -0.5000 0.0000 0.8660
1620594478.512927 0.5184 -1.6003 0.2701 0.0000 -0.5022 0.0000 0.8647
1620594478.546260 0.5184 -1.6003 0.2701 0.0000 -0.5045 0.0000 0.8634
1620594478.579594 0.5184 -1.6003 0.2701 0.0000 -0.5068 0.0000 0.8621
1620594478.612927 0.5184 -1.6003 0.2701 0.0000 -0.5090 0.0000 0.8608
1620594478.646260 0.5184 -1.6003 0.2701 0.0000 -0.5113 0.0000 0.8594
1620594478.679594 0.5184 -1.6003 0.2701 0.0000 -0.5135 0.0000 0.8581
1620594478.712927 0.5184 -1.6003 0.2701 0.0000 -0.5158 0.0000 0.8567
1620594478.746260 0.5184 -1.6003 0.2701 0.0000 -0.5180 0.0000 0.8554
1620594478.779593 0.5184 -1.6003 0.2701 0.0000 -0.5202 0.0000 0.8540
1620594478.812927 0.5184 -1.6003 0.2701 0.0000 -0.5225 0.0000 0.8527
1620594478.846260 0.5184 -1.6003 0.2701 0.0000 -0.5247 0.0000 0.8513
1620594478.879593 0.5184 -1.6003 0.2701 0.0000 -0.5269 0.0000 0.8499
1620594478.912927 0.5184 -1.6003 0.2701 0.0000 -0.5292 0.0000 0.8485
1620594478.946260 0.5184 -1.6003 0.2701 0.0000 -0.5314 0.0000 0.8471
1620594478.979593 0.5184 -1.6003 0.2701 0.0000 -0.5336 0.0000 0.8457
1620594479.012927 0.5184 -1.6003 0.2701 0.0000 -0.5358 0.0000 0.8443
1620594479.046260 0.5184 -1.6003 0.2701 0.0000 -0.5380 0.0000 0.8429
1620594479.079593 0.5184 -1.6003 0.2701 0.0000 -0.5402 0.0000 0.8415
1620594479.112926 0.5184 -1.6003 0.2701 0.0000 -0.5424 0.0000 0.8401
1620594479.146260 0.5184 -1.6003 0.2701 0.0000 -0.5446 0.0000 0.8387
1620594479.179593 0.5184 -1.6003 0.2701 0.0000 -0.5468 0.0000 0.8373
1620594479.212926 0.5184 -1.6003 0.2701 0.0000 -0.5490 0.0000 0.8358
1620594479.246260 0.5184 -1.6003 0.2701 0.0000 -0.5512 0.0000 0.8344
1620594479.279593 0.5184 -1.6003 0.2701 0.0000 -0.5534 0.0000 0.8329
1620594479.312926 0.5184 -1.6003 0.2701 0.0000 -0.5555 0.0000 0.8315
1620594479.346260 0.5184 -1.6003 0.2701 0.0000 -0.5577 0.0000 0.8300
1620594479.379593 0.5184 -1.6003 0.2701 0.0000 -0.5599 0.0000 0.8286
1620594479.412926 0.5184 -1.6003 0.2701 0.0000 -0.5621 0.0000 0.8271
1620594479.446259 0.5184 -1.6003 0.2701 0.0000 -0.5642 0.0000 0.8256
1620594479.479593 0.5184 -1.6003 0.2701 0.0000 -0.5664 0.0000 0.8241
1620594479.512926 0.5184 -1.6003 0.2701 0.0000 -0.5685 0.0000 0.8227
1620594479.546259 0.5184 -1.6003 0.2701 0.0000 -0.5707 0.0000 0.8212
1620594479.579593 0.5184 -1.6003 0.2701 0.0000 -0.5728 0.0000 0.8197
1620594479.612926 0.5184 -1.6003 0.2701 0.0000 -0.5750 0.0000 0.8182
1620594479.646259 0.5184 -1.6003 0.2701 0.0000 -0.5771 0.0000 0.8167
1620594479.679593 0.5184 -1.6003 0.2701 0.0000 -0.5793 0.0000 0.8151
1620594479.712926 0.5184 -1.6003 0.2701 0.0000 -0.5814 0.0000 0.8136
1620594479.746259 0.5184 -1.6003 0.2701 0.0000 -0.5835 0.0000 0.8121
1620594479.779593 0.5184 -1.6003 0.2701 0.0000 -0.5856 0.0000 0.8106
1620594479.812926 0.5184 -1.6003 0.2701 0.0000 -0.5878 0.0000 0.8090
1620594479.846259 0.5184 -1.6003 0.2701 0.0000 -0.5899 0.0000 0.8075
1620594479.879592 0.5184 -1.6003 0.2701 0.0000 -0.5920 0.0000 0.8059
1620594479.912926 0.5184 -1.6003 0.2701 0.0000 -0.5941 0.0000 0.8044
1620594479.946259 0.5184 -1.6003 0.2701 0.0000 -0.5962 0.0000 0.8028
1620594479.979592 0.5184 -1.6003 0.2701 0.0000 -0.5983 0.0000 0.8013
1620594480.012926 0.5184 -1.6003 0.2701 0.0000 -0.6004 0.0000 0.7997
1620594480.046259 0.5184 -1.6003 0.2701 0.0000 -0.6025 0.0000 0.7981
1620594480.079592 0.5184 -1.6003 0.2701 0.0000 -0.6046 0.0000 0.7965
1620594480.112926 0.5184 -1.6003 0.2701 0.0000 -0.6067 0.0000 0.7950
1620594480.146259 0.5184 -1.6003 0.2701 0.0000 -0.6087 0.0000 0.7934
1620594480.179592 0.5184 -1.6003 0.2701 0.0000 -0.6108 0.0000 0.7918
1620594480.212925 0.5474 -1.6003 0.2624 0.0000 -0.6108 0.0000 0.7918
1620594480.246259 0.5765 -1.6003 0.2548 0.0000 -0.6108 0.0000 0.7918
1620594480.279592 0.6055 -1.6003 0.2472 0.0000 -0.6108 0.0000 0.7918
1620594480.312925 0.6345 -1.6003 0.2396 0.0000 -0.6108 0.0000 0.7918
1620594480.346259 0.6635 -1.6003 0.2320 0.0000 -0.6108 0.0000 0.7918
1620594480.379592 0.6925 -1.6003 0.2244 0.0000 -0.6108 0.0000 0.7918
1620594480.412925 0.7215 -1.6003 0.2168 0.0000 -0.6108 0.0000 0.7918
1620594480.446259 0.7506 -1.6003 0.2091 0.0000 -0.6108 0.0000 0.7918
1620594480.479592 0.7796 -1.6003 0.2015 0.0000 -0.6108 0.0000 0.7918
1620594480.512925 0.8086 -1.6003 0.1939 0.0000 -0.6108 0.0000 0.7918
1620594480.546258 0.8376 -1.6003 0.1863 0.0000 -0.6108 0.0000 0.7918
1620594480.579592 0.8666 -1.6003 0.1787 0.0000 -0.6108 0.0000 0.7918
1620594480.612925 0.8957 -1.6003 0.1711 0.0000 -0.6108 0.0000 0.7918
1620594480.646258 0.9247 -1.6003 0.1635 0.0000 -0.6108 0.0000 0.7918
1620594480.679592 0.9537 -1.6003 0.1558 0.0000 -0.6108 0.0000 0.7918
1620594480.712925 0.9827 -1.6003 0.1482 0.0000 -0.6108 0.0000 0.7918
1620594480.746258 1.0117 -1.6003 0.1406 0.0000 -0.6108 0.0000 0.7918
