# ground truth trajectory
# file: 'rgbd_dataset_freiburg1_xyz.bag'
# timestamp tx ty tz qx qy qz qw
1620701498.681648 0.0000 -0.0000 -0.0000 -0.0000 -0.0000 -0.0000 1.0000
1620701498.714981 0.0000 -0.0000 0.0044 -0.0000 0.0087 -0.0000 1.0000
1620701498.748315 0.0006 -0.0035 0.0344 -0.0000 0.0087 -0.0000 1.0000
1620701498.781648 0.0011 -0.0069 0.0644 -0.0000 0.0087 -0.0000 1.0000
1620701498.814981 0.0016 -0.0104 0.0943 -0.0000 0.0087 -0.0000 1.0000
1620701498.848315 0.0017 -0.0104 0.0987 -0.0000 0.0175 -0.0000 0.9998
1620701498.881648 0.0019 -0.0104 0.1031 -0.0000 0.0262 -0.0000 0.9997
1620701498.914981 0.0022 -0.0104 0.1074 -0.0000 0.0349 -0.0000 0.9994
1620701498.948314 0.0025 -0.0104 0.1118 -0.0000 0.0436 -0.0000 0.9990
1620701498.981648 0.0029 -0.0104 0.1161 -0.0000 0.0523 -0.0000 0.9986
1620701499.014981 0.0034 -0.0104 0.1205 -0.0000 0.0610 -0.0000 0.9981
1620701499.048314 0.0040 -0.0104 0.1248 -0.0000 0.0698 -0.0000 0.9976
1620701499.081648 0.0046 -0.0104 0.1291 -0.0000 0.0785 -0.0000 0.9969
1620701499.114981 0.0054 -0.0104 0.1334 -0.0000 0.0872 -0.0000 0.9962
1620701499.148314 0.0062 -0.0104 0.1377 -0.0000 0.0958 -0.0000 0.9954
1620701499.181648 0.0070 -0.0104 0.1420 -0.0000 0.1045 -0.0000 0.9945
1620701499.214981 0.0080 -0.0104 0.1462 -0.0000 0.1132 -0.0000 0.9936
1620701499.248314 0.0090 -0.0104 0.1505 -0.0000 0.1219 -0.0000 0.9925
1620701499.281647 0.0101 -0.0104 0.1547 -0.0000 0.1305 -0.0000 0.9914
1620701499.314981 0.0113 -0.0104 0.1589 -0.0000 0.1392 -0.0000 0.9903
1620701499.348314 0.0125 -0.0104 0.1631 -0.0000 0.1478 -0.0000 0.9890
1620701499.381647 0.0138 -0.0104 0.1672 -0.0000 0.1564 -0.0000 0.9877
1620701499.414981 0.0152 -0.0104 0.1714 -0.0000 0.1650 -0.0000 0.9863
1620701499.448314 0.0166 -0.0104 0.1755 -0.0000 0.1736 -0.0000 0.9848
1620701499.481647 0.0182 -0.0104 0.1796 -0.0000 0.1822 -0.0000 0.9833
1620701499.514981 0.0198 -0.0104 0.1836 -0.0000 0.1908 -0.0000 0.9816
1620701499.548314 0.0214 -0.0104 0.1877 -0.0000 0.1994 -0.0000 0.9799
1620701499.581647 0.0232 -0.0104 0.1917 -0.0000 0.2079 -0.0000 0.9781
1620701499.614980 0.0250 -0.0104 0.1956 -0.0000 0.2164 -0.0000 0.9763
1620701499.648314 0.0269 -0.0104 0.1996 -0.0000 0.2250 -0.0000 0.9744
1620701499.681647 0.0288 -0.0104 0.2035 -0.0000 0.2334 -0.0000 0.9724
1620701499.714980 0.0308 -0.0104 0.2074 -0.0000 0.2419 -0.0000 0.9703
1620701499.748314 0.0329 -0.0104 0.2112 -0.0000 0.2504 -0.0000 0.9681
1620701499.781647 0.0351 -0.0104 0.2150 -0.0000 0.2588 -0.0000 0.9659
1620701499.814980 0.0373 -0.0104 0.2187 -0.0000 0.2672 -0.0000 0.9636
1620701499.848314 0.0396 -0.0104 0.2225 -0.0000 0.2756 -0.0000 0.9613
1620701499.881647 0.0419 -0.0104 0.2261 -0.0000 0.2840 -0.0000 0.9588
1620701499.914980 0.0443 -0.0104 0.2298 -0.0000 0.2924 -0.0000 0.9563
1620701499.948313 0.0468 -0.0104 0.2334 -0.0000 0.3007 -0.0000 0.9537
1620701499.981647 0.0493 -0.0104 0.2369 -0.0000 0.3090 -0.0000 0.9511
1620701500.014980 0.0519 -0.0104 0.2404 -0.0000 0.3173 -0.0000 0.9483
1620701500.048313 0.0546 -0.0104 0.2439 -0.0000 0.3256 -0.0000 0.9455
1620701500.081647 0.0573 -0.0104 0.2473 -0.0000 0.3338 -0.0000 0.9426
1620701500.114980 0.0601 -0.0104 0.2507 -0.0000 0.3420 -0.0000 0.9397
1620701500.148313 0.0629 -0.0104 0.2540 -0.0000 0.3502 -0.0000 0.9367
1620701500.181647 0.0658 -0.0104 0.2573 -0.0000 0.3584 -0.0000 0.9336
1620701500.214980 0.0687 -0.0104 0.2605 -0.0000 0.3665 -0.0000 0.9304
1620701500.248313 0.0717 -0.0104 0.2637 -0.0000 0.3746 -0.0000 0.9272
1620701500.281646 0.0748 -0.0104 0.2668 -0.0000 0.3827 -0.0000 0.9239
1620701500.314980 0.0779 -0.0104 0.2698 -0.0000 0.3907 -0.0000 0.9205
1620701500.348313 0.0811 -0.0104 0.2728 -0.0000 0.3987 -0.0000 0.9171
1620701500.381646 0.0843 -0.0104 0.2758 -0.0000 0.4067 -0.0000 0.9135
1620701500.414980 0.0876 -0.0104 0.2787 -0.0000 0.4147 -0.0000 0.9100
1620701500.448313 0.0909 -0.0104 0.2815 -0.0000 0.4226 -0.0000 0.9063
1620701500.481646 0.0942 -0.0104 0.2843 -0.0000 0.4305 -0.0000 0.9026
1620701500.514980 0.0977 -0.0104 0.2870 -0.0000 0.4384 -0.0000 0.8988
1620701500.548313 0.1011 -0.0104 0.2896 -0.0000 0.4462 -0.0000 0.8949
1620701500.581646 0.1046 -0.0104 0.2922 -0.0000 0.4540 -0.0000 0.8910
1620701500.614980 0.1082 -0.0104 0.2948 -0.0000 0.4617 -0.0000 0.8870
1620701500.648313 0.1118 -0.0104 0.2972 -0.0000 0.4695 -0.0000 0.8829
1620701500.681646 0.1154 -0.0104 0.2997 -0.0000 0.4772 -0.0000 0.8788
1620701500.714979 0.1191 -0.0104 0.3020 -0.0000 0.4848 -0.0000 0.8746
1620701500.748313 0.1228 -0.0104 0.3043 -0.0000 0.4924 -0.0000 0.8704
1620701500.781646 0.1266 -0.0104 0.3065 -0.0000 0.5000 -0.0000 0.8660
1620701500.814979 0.1304 -0.0104 0.3086 -0.0000 0.5075 -0.0000 0.8616
1620701500.848313 0.1342 -0.0104 0.3107 -0.0000 0.5150 -0.0000 0.8572
1620701500.881646 0.1381 -0.0104 0.3127 -0.0000 0.5225 -0.0000 0.8526
1620701500.914979 0.1420 -0.0104 0.3147 -0.0000 0.5299 -0.0000 0.8480
1620701500.948313 0.1459 -0.0104 0.3166 -0.0000 0.5373 -0.0000 0.8434
1620701500.981646 0.1499 -0.0104 0.3184 -0.0000 0.5446 -0.0000 0.8387
1620701501.014979 0.1539 -0.0104 0.3201 -0.0000 0.5519 -0.0000 0.8339
1620701501.048312 0.1579 -0.0104 0.3218 -0.0000 0.5592 -0.0000 0.8290
1620701501.081646 0.1620 -0.0104 0.3234 -0.0000 0.5664 -0.0000 0.8241
1620701501.114979 0.1661 -0.0104 0.3249 -0.0000 0.5736 -0.0000 0.8192
1620701501.148312 0.1702 -0.0104 0.3264 -0.0000 0.5807 -0.0000 0.8141
1620701501.181646 0.1743 -0.0104 0.3278 -0.0000 0.5878 -0.0000 0.8090
1620701501.214979 0.1785 -0.0104 0.3291 -0.0000 0.5948 -0.0000 0.8039
1620701501.248312 0.1827 -0.0104 0.3303 -0.0000 0.6018 -0.0000 0.7986
1620701501.281646 0.1869 -0.0104 0.3315 -0.0000 0.6088 -0.0000 0.7934
1620701501.314979 0.1911 -0.0104 0.3326 -0.0000 0.6157 -0.0000 0.7880
1620701501.348312 0.1953 -0.0104 0.3336 -0.0000 0.6225 -0.0000 0.7826
1620701501.381645 0.1996 -0.0104 0.3345 -0.0000 0.6293 -0.0000 0.7771
1620701501.414979 0.2039 -0.0104 0.3354 -0.0000 0.6361 -0.0000 0.7716
1620701501.448312 0.2082 -0.0104 0.3362 -0.0000 0.6428 -0.0000 0.7660
1620701501.481645 0.2125 -0.0104 0.3369 -0.0000 0.6494 -0.0000 0.7604
1620701501.514979 0.2168 -0.0104 0.3376 -0.0000 0.6561 -0.0000 0.7547
1620701501.548312 0.2211 -0.0104 0.3381 -0.0000 0.6626 -0.0000 0.7490
1620701501.581645 0.2254 -0.0104 0.3386 -0.0000 0.6691 -0.0000 0.7431
1620701501.614979 0.2298 -0.0104 0.3390 -0.0000 0.6756 -0.0000 0.7373
1620701501.648312 0.2341 -0.0104 0.3394 -0.0000 0.6820 -0.0000 0.7314
1620701501.681645 0.2385 -0.0104 0.3396 -0.0000 0.6884 -0.0000 0.7254
1620701501.714978 0.2428 -0.0104 0.3398 -0.0000 0.6947 -0.0000 0.7193
1620701501.748312 0.2472 -0.0104 0.3399 -0.0000 0.7009 -0.0000 0.7133
1620701501.781645 0.2516 -0.0104 0.3400 -0.0000 0.7071 -0.0000 0.7071
1620701501.814978 0.2559 -0.0104 0.3399 -0.0000 0.7133 -0.0000 0.7009
1620701501.848312 0.2603 -0.0104 0.3398 -0.0000 0.7193 -0.0000 0.6947
1620701501.881645 0.2647 -0.0104 0.3396 -0.0000 0.7254 -0.0000 0.6884
1620701501.914978 0.2690 -0.0104 0.3394 -0.0000 0.7314 -0.0000 0.6820
1620701501.948312 0.2734 -0.0104 0.3390 -0.0000 0.7373 -0.0000 0.6756
1620701501.981645 0.2777 -0.0104 0.3386 -0.0000 0.7431 -0.0000 0.6691
1620701502.014978 0.2820 -0.0104 0.3381 -0.0000 0.7490 -0.0000 0.6626
1620701502.048311 0.2864 -0.0104 0.3376 -0.0000 0.7547 -0.0000 0.6561
1620701502.081645 0.2907 -0.0104 0.3369 -0.0000 0.7604 -0.0000 0.6494
1620701502.114978 0.2950 -0.0104 0.3362 -0.0000 0.7660 -0.0000 0.6428
1620701502.148311 0.2993 -0.0104 0.3354 -0.0000 0.7716 -0.0000 0.6361
1620701502.181645 0.3035 -0.0104 0.3345 -0.0000 0.7771 -0.0000 0.6293
1620701502.214978 0.3078 -0.0104 0.3336 -0.0000 0.7826 -0.0000 0.6225
1620701502.248311 0.3121 -0.0104 0.3326 -0.0000 0.7880 -0.0000 0.6157
1620701502.281645 0.3163 -0.0104 0.3315 -0.0000 0.7934 -0.0000 0.6088
1620701502.314978 0.3205 -0.0104 0.3303 -0.0000 0.7986 -0.0000 0.6018
1620701502.348311 0.3247 -0.0104 0.3291 -0.0000 0.8039 -0.0000 0.5948
1620701502.381644 0.3288 -0.0104 0.3278 -0.0000 0.8090 -0.0000 0.5878
1620701502.414978 0.3330 -0.0104 0.3264 -0.0000 0.8141 -0.0000 0.5807
1620701502.448311 0.3371 -0.0104 0.3249 -0.0000 0.8192 -0.0000 0.5736
1620701502.481644 0.3412 -0.0104 0.3234 -0.0000 0.8241 -0.0000 0.5664
1620701502.514978 0.3452 -0.0104 0.3218 -0.0000 0.8290 -0.0000 0.5592
1620701502.548311 0.3493 -0.0104 0.3201 -0.0000 0.8339 -0.0000 0.5519
1620701502.581644 0.3533 -0.0104 0.3184 -0.0000 0.8387 -0.0000 0.5446
1620701502.614978 0.3572 -0.0104 0.3166 -0.0000 0.8434 -0.0000 0.5373
1620701502.648311 0.3612 -0.0104 0.3147 -0.0000 0.8480 -0.0000 0.5299
1620701502.681644 0.3651 -0.0104 0.3127 -0.0000 0.8526 -0.0000 0.5225
1620701502.714978 0.3689 -0.0104 0.3107 -0.0000 0.8572 -0.0000 0.5150
1620701502.748311 0.3728 -0.0104 0.3086 -0.0000 0.8616 -0.0000 0.5075
1620701502.781644 0.3766 -0.0104 0.3065 -0.0000 0.8660 -0.0000 0.5000
1620701502.814977 0.3803 -0.0104 0.3043 -0.0000 0.8704 -0.0000 0.4924
1620701502.848311 0.3841 -0.0104 0.3020 -0.0000 0.8746 -0.0000 0.4848
1620701502.881644 0.3877 -0.0104 0.2997 -0.0000 0.8788 -0.0000 0.4772
1620701502.914977 0.3914 -0.0104 0.2972 -0.0000 0.8829 -0.0000 0.4695
1620701502.948311 0.3950 -0.0104 0.2948 -0.0000 0.8870 -0.0000 0.4617
1620701502.981644 0.3985 -0.0104 0.2922 -0.0000 0.8910 -0.0000 0.4540
1620701503.014977 0.4020 -0.0104 0.2896 -0.0000 0.8949 -0.0000 0.4462
1620701503.048311 0.4055 -0.0104 0.2870 -0.0000 0.8988 -0.0000 0.4384
1620701503.081644 0.4089 -0.0104 0.2843 -0.0000 0.9026 -0.0000 0.4305
1620701503.114977 0.4123 -0.0104 0.2815 -0.0000 0.9063 -0.0000 0.4226
1620701503.148310 0.4156 -0.0104 0.2787 -0.0000 0.9100 -0.0000 0.4147
1620701503.181644 0.4189 -0.0104 0.2758 -0.0000 0.9135 -0.0000 0.4067
1620701503.214977 0.4221 -0.0104 0.2728 -0.0000 0.9171 -0.0000 0.3987
1620701503.248310 0.4252 -0.0104 0.2698 -0.0000 0.9205 -0.0000 0.3907
1620701503.281644 0.4283 -0.0104 0.2668 -0.0000 0.9239 -0.0000 0.3827
1620701503.314977 0.4314 -0.0104 0.2637 -0.0000 0.9272 -0.0000 0.3746
1620701503.348310 0.4344 -0.0104 0.2605 -0.0000 0.9304 -0.0000 0.3665
1620701503.381644 0.4374 -0.0104 0.2573 -0.0000 0.9336 -0.0000 0.3584
1620701503.414977 0.4402 -0.0104 0.2540 -0.0000 0.9367 -0.0000 0.3502
1620701503.448310 0.4431 -0.0104 0.2507 -0.0000 0.9397 -0.0000 0.3420
1620701503.481643 0.4459 -0.0104 0.2473 -0.0000 0.9426 -0.0000 0.3338
1620701503.514977 0.4486 -0.0104 0.2439 -0.0000 0.9455 -0.0000 0.3256
1620701503.548310 0.4512 -0.0104 0.2404 -0.0000 0.9483 -0.0000 0.3173
1620701503.581643 0.4538 -0.0104 0.2369 -0.0000 0.9511 -0.0000 0.3090
1620701503.614977 0.4564 -0.0104 0.2334 -0.0000 0.9537 -0.0000 0.3007
1620701503.648310 0.4588 -0.0104 0.2298 -0.0000 0.9563 -0.0000 0.2924
1620701503.681643 0.4612 -0.0104 0.2261 -0.0000 0.9588 -0.0000 0.2840
1620701503.714977 0.4636 -0.0104 0.2225 -0.0000 0.9613 -0.0000 0.2756
1620701503.748310 0.4659 -0.0104 0.2187 -0.0000 0.9636 -0.0000 0.2672
1620701503.781643 0.4681 -0.0104 0.2150 -0.0000 0.9659 -0.0000 0.2588
1620701503.814976 0.4702 -0.0104 0.2112 -0.0000 0.9681 -0.0000 0.2504
1620701503.848310 0.4723 -0.0104 0.2074 -0.0000 0.9703 -0.0000 0.2419
1620701503.881643 0.4743 -0.0104 0.2035 -0.0000 0.9724 -0.0000 0.2334
1620701503.914976 0.4763 -0.0104 0.1996 -0.0000 0.9744 -0.0000 0.2250
1620701503.948310 0.4781 -0.0104 0.1956 -0.0000 0.9763 -0.0000 0.2164
1620701503.981643 0.4800 -0.0104 0.1917 -0.0000 0.9781 -0.0000 0.2079
1620701504.014976 0.4817 -0.0104 0.1877 -0.0000 0.9799 -0.0000 0.1994
1620701504.048310 0.4834 -0.0104 0.1836 -0.0000 0.9816 -0.0000 0.1908
1620701504.081643 0.4850 -0.0104 0.1796 -0.0000 0.9833 -0.0000 0.1822
1620701504.114976 0.4865 -0.0104 0.1755 -0.0000 0.9848 -0.0000 0.1736
1620701504.148309 0.4880 -0.0104 0.1714 -0.0000 0.9863 -0.0000 0.1650
1620701504.181643 0.4893 -0.0104 0.1672 -0.0000 0.9877 -0.0000 0.1564
1620701504.214976 0.4906 -0.0104 0.1631 -0.0000 0.9890 -0.0000 0.1478
1620701504.248309 0.4919 -0.0104 0.1589 -0.0000 0.9903 -0.0000 0.1392
1620701504.281643 0.4931 -0.0104 0.1547 -0.0000 0.9914 -0.0000 0.1305
1620701504.314976 0.5008 -0.0059 0.1257 -0.0000 0.9914 -0.0000 0.1305
1620701504.348309 0.5086 -0.0014 0.0967 -0.0000 0.9914 -0.0000 0.1305
1620701504.381643 0.5163 0.0031 0.0678 -0.0000 0.9914 -0.0000 0.1305
1620701504.414976 0.5241 0.0076 0.0388 -0.0000 0.9914 -0.0000 0.1305
1620701504.448309 0.5319 0.0121 0.0098 -0.0000 0.9914 -0.0000 0.1305
1620701504.481642 0.5396 0.0167 -0.0192 -0.0000 0.9914 -0.0000 0.1305
1620701504.514976 0.5474 0.0212 -0.0482 -0.0000 0.9914 -0.0000 0.1305
1620701504.548309 0.5485 0.0212 -0.0524 -0.0000 0.9925 -0.0000 0.1219
1620701504.581642 0.5495 0.0212 -0.0566 -0.0000 0.9936 -0.0000 0.1132
1620701504.614976 0.5505 0.0212 -0.0609 -0.0000 0.9945 -0.0000 0.1045
1620701504.648309 0.5513 0.0212 -0.0652 -0.0000 0.9954 -0.0000 0.0958
1620701504.681642 0.5521 0.0212 -0.0694 -0.0000 0.9962 -0.0000 0.0872
1620701504.714976 0.5528 0.0212 -0.0737 -0.0000 0.9969 -0.0000 0.0785
1620701504.748309 0.5535 0.0212 -0.0781 -0.0000 0.9976 -0.0000 0.0698
1620701504.781642 0.5541 0.0212 -0.0824 -0.0000 0.9981 -0.0000 0.0610
1620701504.814976 0.5546 0.0212 -0.0867 -0.0000 0.9986 -0.0000 0.0523
1620701504.848309 0.5550 0.0212 -0.0911 -0.0000 0.9990 -0.0000 0.0436
1620701504.881642 0.5553 0.0212 -0.0954 -0.0000 0.9994 -0.0000 0.0349
1620701504.914975 0.5556 0.0212 -0.0998 -0.0000 0.9997 -0.0000 0.0262
1620701504.948309 0.5558 0.0212 -0.1041 -0.0000 0.9998 -0.0000 0.0175
1620701504.981642 0.5568 0.0249 -0.1341 -0.0000 0.9998 -0.0000 0.0175
1620701505.014975 0.5579 0.0250 -0.1641 -0.0000 0.9998 -0.0000 0.0175
1620701505.048309 0.5589 0.0250 -0.1941 -0.0000 0.9998 -0.0000 0.0175
1620701505.081642 0.5600 0.0250 -0.2241 -0.0000 0.9998 -0.0000 0.0175
1620701505.114975 0.5610 0.0250 -0.2540 -0.0000 0.9998 -0.0000 0.0175
1620701505.148309 0.5611 0.0250 -0.2584 -0.0000 1.0000 -0.0000 0.0087
1620701505.181642 0.5612 0.0250 -0.2628 -0.0000 1.0000 -0.0000 0.0000
1620701505.214975 0.5611 0.0250 -0.2671 -0.0000 1.0000 -0.0000 -0.0087
1620701505.248308 0.5610 0.0250 -0.2715 -0.0000 0.9998 -0.0000 -0.0175
1620701505.281642 0.5608 0.0250 -0.2759 -0.0000 0.9997 -0.0000 -0.0262
1620701505.314975 0.5605 0.0250 -0.2802 -0.0000 0.9994 -0.0000 -0.0349
1620701505.348308 0.5602 0.0250 -0.2846 -0.0000 0.9990 -0.0000 -0.0436
1620701505.381642 0.5598 0.0250 -0.2889 -0.0000 0.9986 -0.0000 -0.0523
1620701505.414975 0.5567 0.0250 -0.3187 -0.0000 0.9986 -0.0000 -0.0523
1620701505.448308 0.5535 0.0250 -0.3486 -0.0000 0.9986 -0.0000 -0.0523
1620701505.481642 0.5504 0.0250 -0.3784 -0.0000 0.9986 -0.0000 -0.0523
1620701505.514975 0.5472 0.0250 -0.4082 -0.0000 0.9986 -0.0000 -0.0523
1620701505.548308 0.5441 0.0250 -0.4381 -0.0000 0.9986 -0.0000 -0.0523
1620701505.581641 0.5436 0.0250 -0.4424 -0.0000 0.9981 -0.0000 -0.0610
1620701505.614975 0.5430 0.0250 -0.4467 -0.0000 0.9976 -0.0000 -0.0698
1620701505.648308 0.5424 0.0250 -0.4511 -0.0000 0.9969 -0.0000 -0.0785
1620701505.681641 0.5377 0.0250 -0.4807 -0.0000 0.9969 -0.0000 -0.0785
1620701505.714975 0.5330 0.0250 -0.5103 -0.0000 0.9969 -0.0000 -0.0785
1620701505.748308 0.5283 0.0250 -0.5399 -0.0000 0.9969 -0.0000 -0.0785
1620701505.781641 0.5276 0.0250 -0.5442 -0.0000 0.9962 -0.0000 -0.0872
1620701505.814975 0.5268 0.0250 -0.5485 -0.0000 0.9954 -0.0000 -0.0958
1620701505.848308 0.5259 0.0250 -0.5528 -0.0000 0.9945 -0.0000 -0.1045
1620701505.881641 0.5250 0.0250 -0.5571 -0.0000 0.9936 -0.0000 -0.1132
1620701505.914974 0.5240 0.0250 -0.5613 -0.0000 0.9925 -0.0000 -0.1219
1620701505.948308 0.5167 0.0250 -0.5904 -0.0000 0.9925 -0.0000 -0.1219
1620701505.981641 0.5095 0.0250 -0.6195 -0.0000 0.9925 -0.0000 -0.1219
1620701506.014974 0.5022 0.0250 -0.6486 -0.0000 0.9925 -0.0000 -0.1219
1620701506.048308 0.4949 0.0250 -0.6778 -0.0000 0.9925 -0.0000 -0.1219
1620701506.081641 0.4877 0.0250 -0.7069 -0.0000 0.9925 -0.0000 -0.1219
1620701506.114974 0.4804 0.0250 -0.7360 -0.0000 0.9925 -0.0000 -0.1219
1620701506.148308 0.4732 0.0250 -0.7651 -0.0000 0.9925 -0.0000 -0.1219
1620701506.181641 0.4659 0.0250 -0.7942 -0.0000 0.9925 -0.0000 -0.1219
1620701506.214974 0.4587 0.0250 -0.8233 -0.0000 0.9925 -0.0000 -0.1219
1620701506.248307 0.4514 0.0250 -0.8524 -0.0000 0.9925 -0.0000 -0.1219
1620701506.281641 0.4441 0.0250 -0.8815 -0.0000 0.9925 -0.0000 -0.1219
1620701506.314974 0.4369 0.0250 -0.9106 -0.0000 0.9925 -0.0000 -0.1219
1620701506.348307 0.4296 0.0250 -0.9397 -0.0000 0.9925 -0.0000 -0.1219
1620701506.381641 0.4224 0.0250 -0.9688 -0.0000 0.9925 -0.0000 -0.1219
1620701506.414974 0.4151 0.0250 -0.9980 -0.0000 0.9925 -0.0000 -0.1219
1620701506.448307 0.4079 0.0250 -1.0271 -0.0000 0.9925 -0.0000 -0.1219
1620701506.481641 0.4006 0.0250 -1.0562 -0.0000 0.9925 -0.0000 -0.1219
1620701506.514974 0.3933 0.0250 -1.0853 -0.0000 0.9925 -0.0000 -0.1219
1620701506.548307 0.3861 0.0250 -1.1144 -0.0000 0.9925 -0.0000 -0.1219
1620701506.581640 0.3788 0.0250 -1.1435 -0.0000 0.9925 -0.0000 -0.1219
1620701506.614974 0.3716 0.0250 -1.1726 -0.0000 0.9925 -0.0000 -0.1219
1620701506.648307 0.3643 0.0250 -1.2017 -0.0000 0.9925 -0.0000 -0.1219
1620701506.681640 0.3570 0.0250 -1.2308 -0.0000 0.9925 -0.0000 -0.1219
1620701506.714974 0.3498 0.0250 -1.2599 -0.0000 0.9925 -0.0000 -0.1219
1620701506.748307 0.3425 0.0250 -1.2890 -0.0000 0.9925 -0.0000 -0.1219
1620701506.781640 0.3353 0.0250 -1.3181 -0.0000 0.9925 -0.0000 -0.1219
1620701506.814974 0.3280 0.0250 -1.3473 -0.0000 0.9925 -0.0000 -0.1219
1620701506.848307 0.3208 0.0250 -1.3764 -0.0000 0.9925 -0.0000 -0.1219
1620701506.881640 0.3135 0.0250 -1.4055 -0.0000 0.9925 -0.0000 -0.1219
1620701506.914973 0.3062 0.0250 -1.4346 -0.0000 0.9925 -0.0000 -0.1219
1620701506.948307 0.2990 0.0250 -1.4637 -0.0000 0.9925 -0.0000 -0.1219
1620701506.981640 0.2917 0.0250 -1.4928 -0.0000 0.9925 -0.0000 -0.1219
1620701507.014973 0.2845 0.0250 -1.5219 -0.0000 0.9925 -0.0000 -0.1219
1620701507.048307 0.2772 0.0250 -1.5510 -0.0000 0.9925 -0.0000 -0.1219
1620701507.081640 0.2700 0.0250 -1.5801 -0.0000 0.9925 -0.0000 -0.1219
1620701507.114973 0.2627 0.0250 -1.6092 -0.0000 0.9925 -0.0000 -0.1219
1620701507.148307 0.2554 0.0250 -1.6383 -0.0000 0.9925 -0.0000 -0.1219
1620701507.181640 0.2482 0.0250 -1.6675 -0.0000 0.9925 -0.0000 -0.1219
1620701507.214973 0.2409 0.0250 -1.6966 -0.0000 0.9925 -0.0000 -0.1219
1620701507.248307 0.2337 0.0250 -1.7257 -0.0000 0.9925 -0.0000 -0.1219
1620701507.281640 0.2264 0.0250 -1.7548 -0.0000 0.9925 -0.0000 -0.1219
1620701507.314973 0.2192 0.0250 -1.7839 -0.0000 0.9925 -0.0000 -0.1219
1620701507.348306 0.2119 0.0250 -1.8130 -0.0000 0.9925 -0.0000 -0.1219
1620701507.381640 0.2129 0.0250 -1.8088 -0.0000 0.9936 -0.0000 -0.1132
1620701507.414973 0.2139 0.0250 -1.8045 -0.0000 0.9945 -0.0000 -0.1045
1620701507.448306 0.2147 0.0250 -1.8002 -0.0000 0.9954 -0.0000 -0.0958
1620701507.481640 0.2155 0.0250 -1.7959 -0.0000 0.9962 -0.0000 -0.0872
1620701507.514973 0.2162 0.0250 -1.7916 -0.0000 0.9969 -0.0000 -0.0785
1620701507.548306 0.2169 0.0250 -1.7873 -0.0000 0.9976 -0.0000 -0.0698
1620701507.581640 0.2175 0.0250 -1.7830 -0.0000 0.9981 -0.0000 -0.0610
1620701507.614973 0.2180 0.0250 -1.7787 -0.0000 0.9986 -0.0000 -0.0523
1620701507.648306 0.2148 0.0250 -1.8085 -0.0000 0.9986 -0.0000 -0.0523
1620701507.681639 0.2117 0.0250 -1.8383 -0.0000 0.9986 -0.0000 -0.0523
1620701507.714973 0.2085 0.0250 -1.8682 -0.0000 0.9986 -0.0000 -0.0523
1620701507.748306 0.2054 0.0250 -1.8980 -0.0000 0.9986 -0.0000 -0.0523
1620701507.781639 0.2023 0.0250 -1.9278 -0.0000 0.9986 -0.0000 -0.0523
1620701507.814973 0.2027 0.0250 -1.9235 -0.0000 0.9990 -0.0000 -0.0436
1620701507.848306 0.2030 0.0250 -1.9191 -0.0000 0.9994 -0.0000 -0.0349
1620701507.881639 0.2033 0.0250 -1.9148 -0.0000 0.9997 -0.0000 -0.0262
1620701507.914973 0.2035 0.0250 -1.9104 -0.0000 0.9998 -0.0000 -0.0175
1620701507.948306 0.2036 0.0250 -1.9061 -0.0000 1.0000 -0.0000 -0.0087
1620701507.981639 0.2036 0.0250 -1.9017 -0.0000 1.0000 -0.0000 0.0000
1620701508.014972 0.2036 0.0250 -1.8973 -0.0000 1.0000 -0.0000 0.0087
1620701508.048306 0.2041 0.0250 -1.9273 -0.0000 1.0000 -0.0000 0.0087
1620701508.081639 0.2047 0.0250 -1.9573 -0.0000 1.0000 -0.0000 0.0087
1620701508.114972 0.2052 0.0250 -1.9873 -0.0000 1.0000 -0.0000 0.0087
1620701508.148306 0.2057 0.0250 -2.0173 -0.0000 1.0000 -0.0000 0.0087
1620701508.181639 0.2062 0.0250 -2.0473 -0.0000 1.0000 -0.0000 0.0087
1620701508.214972 0.2067 0.0250 -2.0773 -0.0000 1.0000 -0.0000 0.0087
1620701508.248306 0.2073 0.0250 -2.1073 -0.0000 1.0000 -0.0000 0.0087
1620701508.281639 0.2078 0.0250 -2.1373 -0.0000 1.0000 -0.0000 0.0087
1620701508.314972 0.2083 0.0250 -2.1673 -0.0000 1.0000 -0.0000 0.0087
1620701508.348305 0.2088 0.0250 -2.1973 -0.0000 1.0000 -0.0000 0.0087
1620701508.381639 0.2094 0.0250 -2.2273 -0.0000 1.0000 -0.0000 0.0087
1620701508.414972 0.2099 0.0250 -2.2573 -0.0000 1.0000 -0.0000 0.0087
1620701508.448305 0.2104 0.0250 -2.2873 -0.0000 1.0000 -0.0000 0.0087
1620701508.481639 0.2109 0.0250 -2.3173 -0.0000 1.0000 -0.0000 0.0087
1620701508.514972 0.2115 0.0250 -2.3473 -0.0000 1.0000 -0.0000 0.0087
1620701508.548305 0.2120 0.0250 -2.3773 -0.0000 1.0000 -0.0000 0.0087
1620701508.581639 0.2119 0.0250 -2.3729 -0.0000 0.9998 -0.0000 0.0175
1620701508.614972 0.2117 0.0250 -2.3685 -0.0000 0.9997 -0.0000 0.0262
1620701508.648305 0.2114 0.0250 -2.3642 -0.0000 0.9994 -0.0000 0.0349
1620701508.681638 0.2111 0.0250 -2.3598 -0.0000 0.9990 -0.0000 0.0436
1620701508.714972 0.2106 0.0250 -2.3555 -0.0000 0.9986 -0.0000 0.0523
1620701508.748305 0.2102 0.0250 -2.3512 -0.0000 0.9981 -0.0000 0.0610
1620701508.781638 0.2096 0.0250 -2.3468 -0.0000 0.9976 -0.0000 0.0698
1620701508.814972 0.2089 0.0250 -2.3425 -0.0000 0.9969 -0.0000 0.0785
1620701508.848305 0.2082 0.0250 -2.3382 -0.0000 0.9962 -0.0000 0.0872
1620701508.881638 0.2074 0.0250 -2.3339 -0.0000 0.9954 -0.0000 0.0958
1620701508.914972 0.2066 0.0250 -2.3296 -0.0000 0.9945 -0.0000 0.1045
1620701508.948305 0.2056 0.0250 -2.3254 -0.0000 0.9936 -0.0000 0.1132
1620701508.981638 0.2046 0.0250 -2.3211 -0.0000 0.9925 -0.0000 0.1219
1620701509.014971 0.2035 0.0250 -2.3169 -0.0000 0.9914 -0.0000 0.1305
1620701509.048305 0.2023 0.0250 -2.3127 -0.0000 0.9903 -0.0000 0.1392
1620701509.081638 0.2011 0.0250 -2.3085 -0.0000 0.9890 -0.0000 0.1478
1620701509.114971 0.1998 0.0250 -2.3044 -0.0000 0.9877 -0.0000 0.1564
1620701509.148305 0.1984 0.0250 -2.3002 -0.0000 0.9863 -0.0000 0.1650
1620701509.181638 0.1969 0.0250 -2.2961 -0.0000 0.9848 -0.0000 0.1736
1620701509.214971 0.1954 0.0250 -2.2920 -0.0000 0.9833 -0.0000 0.1822
1620701509.248305 0.1938 0.0250 -2.2880 -0.0000 0.9816 -0.0000 0.1908
1620701509.281638 0.1921 0.0250 -2.2839 -0.0000 0.9799 -0.0000 0.1994
1620701509.314971 0.1904 0.0250 -2.2799 -0.0000 0.9781 -0.0000 0.2079
1620701509.348305 0.1886 0.0250 -2.2760 -0.0000 0.9763 -0.0000 0.2164
1620701509.381638 0.1867 0.0250 -2.2720 -0.0000 0.9744 -0.0000 0.2250
1620701509.414971 0.1848 0.0250 -2.2681 -0.0000 0.9724 -0.0000 0.2334
1620701509.448304 0.1828 0.0250 -2.2643 -0.0000 0.9703 -0.0000 0.2419
1620701509.481638 0.1807 0.0250 -2.2604 -0.0000 0.9681 -0.0000 0.2504
1620701509.514971 0.1785 0.0250 -2.2566 -0.0000 0.9659 -0.0000 0.2588
1620701509.548304 0.1763 0.0250 -2.2529 -0.0000 0.9636 -0.0000 0.2672
1620701509.581638 0.1740 0.0250 -2.2491 -0.0000 0.9613 -0.0000 0.2756
1620701509.614971 0.1717 0.0250 -2.2455 -0.0000 0.9588 -0.0000 0.2840
1620701509.648304 0.1693 0.0250 -2.2418 -0.0000 0.9563 -0.0000 0.2924
1620701509.681638 0.1668 0.0250 -2.2382 -0.0000 0.9537 -0.0000 0.3007
1620701509.714971 0.1643 0.0250 -2.2347 -0.0000 0.9511 -0.0000 0.3090
1620701509.748304 0.1617 0.0250 -2.2312 -0.0000 0.9483 -0.0000 0.3173
1620701509.781637 0.1590 0.0250 -2.2277 -0.0000 0.9455 -0.0000 0.3256
1620701509.814971 0.1563 0.0250 -2.2243 -0.0000 0.9426 -0.0000 0.3338
1620701509.848304 0.1535 0.0250 -2.2209 -0.0000 0.9397 -0.0000 0.3420
1620701509.881637 0.1507 0.0250 -2.2176 -0.0000 0.9367 -0.0000 0.3502
1620701509.914971 0.1478 0.0250 -2.2143 -0.0000 0.9336 -0.0000 0.3584
1620701509.948304 0.1449 0.0250 -2.2111 -0.0000 0.9304 -0.0000 0.3665
1620701509.981637 0.1419 0.0250 -2.2080 -0.0000 0.9272 -0.0000 0.3746
1620701510.014971 0.1388 0.0250 -2.2048 -0.0000 0.9239 -0.0000 0.3827
1620701510.048304 0.1357 0.0250 -2.2018 -0.0000 0.9205 -0.0000 0.3907
1620701510.081637 0.1325 0.0250 -2.1988 -0.0000 0.9171 -0.0000 0.3987
1620701510.114970 0.1293 0.0250 -2.1958 -0.0000 0.9135 -0.0000 0.4067
1620701510.148304 0.1260 0.0250 -2.1929 -0.0000 0.9100 -0.0000 0.4147
1620701510.181637 0.1227 0.0250 -2.1901 -0.0000 0.9063 -0.0000 0.4226
1620701510.214970 0.1193 0.0250 -2.1873 -0.0000 0.9026 -0.0000 0.4305
1620701510.248304 0.1159 0.0250 -2.1846 -0.0000 0.8988 -0.0000 0.4384
1620701510.281637 0.1396 0.0250 -2.2031 -0.0000 0.8988 -0.0000 0.4384
1620701510.314970 0.1632 0.0250 -2.2216 -0.0000 0.8988 -0.0000 0.4384
1620701510.348304 0.1869 0.0250 -2.2400 -0.0000 0.8988 -0.0000 0.4384
1620701510.381637 0.2105 0.0250 -2.2585 -0.0000 0.8988 -0.0000 0.4384
1620701510.414970 0.2341 0.0250 -2.2770 -0.0000 0.8988 -0.0000 0.4384
1620701510.448303 0.2578 0.0250 -2.2954 -0.0000 0.8988 -0.0000 0.4384
1620701510.481637 0.2814 0.0250 -2.3139 -0.0000 0.8988 -0.0000 0.4384
1620701510.514970 0.3051 0.0250 -2.3324 -0.0000 0.8988 -0.0000 0.4384
1620701510.548303 0.3287 0.0250 -2.3508 -0.0000 0.8988 -0.0000 0.4384
1620701510.581637 0.3523 0.0250 -2.3693 -0.0000 0.8988 -0.0000 0.4384
1620701510.614970 0.3760 0.0250 -2.3878 -0.0000 0.8988 -0.0000 0.4384
1620701510.648303 0.3996 0.0250 -2.4063 -0.0000 0.8988 -0.0000 0.4384
1620701510.681637 0.4233 0.0250 -2.4247 -0.0000 0.8988 -0.0000 0.4384
1620701510.714970 0.4198 0.0250 -2.4221 -0.0000 0.8949 -0.0000 0.4462
1620701510.748303 0.4163 0.0250 -2.4195 -0.0000 0.8910 -0.0000 0.4540
1620701510.781636 0.4127 0.0250 -2.4169 -0.0000 0.8870 -0.0000 0.4617
1620701510.814970 0.4373 0.0250 -2.4342 -0.0000 0.8870 -0.0000 0.4617
1620701510.848303 0.4619 0.0250 -2.4514 -0.0000 0.8870 -0.0000 0.4617
1620701510.881636 0.4865 0.0250 -2.4686 -0.0000 0.8870 -0.0000 0.4617
1620701510.914970 0.5110 0.0250 -2.4858 -0.0000 0.8870 -0.0000 0.4617
1620701510.948303 0.5356 0.0250 -2.5030 -0.0000 0.8870 -0.0000 0.4617
1620701510.981636 0.5602 0.0250 -2.5202 -0.0000 0.8870 -0.0000 0.4617
1620701511.014970 0.5848 0.0250 -2.5374 -0.0000 0.8870 -0.0000 0.4617
1620701511.048303 0.6093 0.0250 -2.5546 -0.0000 0.8870 -0.0000 0.4617
1620701511.081636 0.6057 0.0250 -2.5521 -0.0000 0.8829 -0.0000 0.4695
1620701511.114969 0.6021 0.0250 -2.5497 -0.0000 0.8788 -0.0000 0.4772
1620701511.148303 0.5984 0.0250 -2.5474 -0.0000 0.8746 -0.0000 0.4848
1620701511.181636 0.5947 0.0250 -2.5451 -0.0000 0.8704 -0.0000 0.4924
1620701511.214969 0.5909 0.0250 -2.5429 -0.0000 0.8660 -0.0000 0.5000
1620701511.248303 0.5871 0.0250 -2.5407 -0.0000 0.8616 -0.0000 0.5075
1620701511.281636 0.6134 0.0250 -2.5553 -0.0000 0.8616 -0.0000 0.5075
1620701511.314969 0.6396 0.0250 -2.5698 -0.0000 0.8616 -0.0000 0.5075
1620701511.348303 0.6659 0.0250 -2.5844 -0.0000 0.8616 -0.0000 0.5075
1620701511.381636 0.6921 0.0250 -2.5989 -0.0000 0.8616 -0.0000 0.5075
1620701511.414969 0.7183 0.0250 -2.6135 -0.0000 0.8616 -0.0000 0.5075
1620701511.448303 0.7446 0.0250 -2.6280 -0.0000 0.8616 -0.0000 0.5075
1620701511.481636 0.7708 0.0250 -2.6425 -0.0000 0.8616 -0.0000 0.5075
1620701511.514969 0.7971 0.0250 -2.6571 -0.0000 0.8616 -0.0000 0.5075
1620701511.548302 0.7932 0.0250 -2.6550 -0.0000 0.8572 -0.0000 0.5150
1620701511.581636 0.7893 0.0250 -2.6530 -0.0000 0.8526 -0.0000 0.5225
1620701511.614969 0.7854 0.0250 -2.6510 -0.0000 0.8480 -0.0000 0.5299
1620701511.648302 0.8124 0.0250 -2.6642 -0.0000 0.8480 -0.0000 0.5299
1620701511.681636 0.8394 0.0250 -2.6773 -0.0000 0.8480 -0.0000 0.5299
1620701511.714969 0.8663 0.0250 -2.6905 -0.0000 0.8480 -0.0000 0.5299
1620701511.748302 0.8933 0.0250 -2.7037 -0.0000 0.8480 -0.0000 0.5299
1620701511.781636 0.9203 0.0250 -2.7168 -0.0000 0.8480 -0.0000 0.5299
1620701511.814969 0.9472 0.0250 -2.7300 -0.0000 0.8480 -0.0000 0.5299
1620701511.848302 0.9742 0.0250 -2.7431 -0.0000 0.8480 -0.0000 0.5299
1620701511.881635 1.0012 0.0250 -2.7563 -0.0000 0.8480 -0.0000 0.5299
1620701511.914969 1.0281 0.0250 -2.7694 -0.0000 0.8480 -0.0000 0.5299
1620701511.948302 1.0551 0.0250 -2.7826 -0.0000 0.8480 -0.0000 0.5299
1620701511.981635 1.0820 0.0250 -2.7957 -0.0000 0.8480 -0.0000 0.5299
1620701512.014969 1.1090 0.0250 -2.8089 -0.0000 0.8480 -0.0000 0.5299
1620701512.048302 1.1360 0.0250 -2.8220 -0.0000 0.8480 -0.0000 0.5299
1620701512.081635 1.1629 0.0250 -2.8352 -0.0000 0.8480 -0.0000 0.5299
1620701512.114969 1.1899 0.0250 -2.8483 -0.0000 0.8480 -0.0000 0.5299
1620701512.148302 1.2169 0.0250 -2.8615 -0.0000 0.8480 -0.0000 0.5299
1620701512.181635 1.2129 0.0250 -2.8596 -0.0000 0.8434 -0.0000 0.5373
1620701512.214968 1.2090 0.0250 -2.8578 -0.0000 0.8387 -0.0000 0.5446
1620701512.248302 1.2050 0.0250 -2.8560 -0.0000 0.8339 -0.0000 0.5519
1620701512.281635 1.2009 0.0250 -2.8544 -0.0000 0.8290 -0.0000 0.5592
1620701512.314968 1.1969 0.0250 -2.8528 -0.0000 0.8241 -0.0000 0.5664
1620701512.348302 1.1928 0.0250 -2.8512 -0.0000 0.8192 -0.0000 0.5736
1620701512.381635 1.1887 0.0250 -2.8498 -0.0000 0.8141 -0.0000 0.5807
1620701512.414968 1.1845 0.0250 -2.8484 -0.0000 0.8090 -0.0000 0.5878
1620701512.448302 1.2131 0.0250 -2.8577 -0.0000 0.8090 -0.0000 0.5878
1620701512.481635 1.2416 0.0250 -2.8669 -0.0000 0.8090 -0.0000 0.5878
1620701512.514968 1.2701 0.0250 -2.8762 -0.0000 0.8090 -0.0000 0.5878
1620701512.548301 1.2987 0.0250 -2.8855 -0.0000 0.8090 -0.0000 0.5878
1620701512.581635 1.3272 0.0250 -2.8948 -0.0000 0.8090 -0.0000 0.5878
1620701512.614968 1.3557 0.0250 -2.9040 -0.0000 0.8090 -0.0000 0.5878
1620701512.648301 1.3842 0.0250 -2.9133 -0.0000 0.8090 -0.0000 0.5878
1620701512.681635 1.4128 0.0250 -2.9226 -0.0000 0.8090 -0.0000 0.5878
1620701512.714968 1.4413 0.0250 -2.9318 -0.0000 0.8090 -0.0000 0.5878
1620701512.748301 1.4698 0.0250 -2.9411 -0.0000 0.8090 -0.0000 0.5878
1620701512.781635 1.4984 0.0250 -2.9504 -0.0000 0.8090 -0.0000 0.5878
1620701512.814968 1.4942 0.0250 -2.9491 -0.0000 0.8039 -0.0000 0.5948
1620701512.848301 1.4900 0.0250 -2.9478 -0.0000 0.7986 -0.0000 0.6018
1620701512.881634 1.4858 0.0250 -2.9467 -0.0000 0.7934 -0.0000 0.6088
1620701512.914968 1.4816 0.0250 -2.9456 -0.0000 0.7880 -0.0000 0.6157
1620701512.948301 1.4774 0.0250 -2.9445 -0.0000 0.7826 -0.0000 0.6225
1620701512.981634 1.4731 0.0250 -2.9436 -0.0000 0.7771 -0.0000 0.6293
1620701513.014968 1.5024 0.0250 -2.9498 -0.0000 0.7771 -0.0000 0.6293
1620701513.048301 1.5318 0.0250 -2.9561 -0.0000 0.7771 -0.0000 0.6293
1620701513.081634 1.5611 0.0250 -2.9623 -0.0000 0.7771 -0.0000 0.6293
1620701513.114968 1.5905 0.0250 -2.9686 -0.0000 0.7771 -0.0000 0.6293
1620701513.148301 1.6198 0.0250 -2.9748 -0.0000 0.7771 -0.0000 0.6293
1620701513.181634 1.6492 0.0250 -2.9810 -0.0000 0.7771 -0.0000 0.6293
1620701513.214967 1.6785 0.0250 -2.9873 -0.0000 0.7771 -0.0000 0.6293
1620701513.248301 1.6742 0.0250 -2.9864 -0.0000 0.7716 -0.0000 0.6361
1620701513.281634 1.6699 0.0250 -2.9856 -0.0000 0.7660 -0.0000 0.6428
1620701513.314967 1.6656 0.0250 -2.9849 -0.0000 0.7604 -0.0000 0.6494
1620701513.348301 1.6613 0.0250 -2.9842 -0.0000 0.7547 -0.0000 0.6561
1620701513.381634 1.6570 0.0250 -2.9837 -0.0000 0.7490 -0.0000 0.6626
1620701513.414967 1.6527 0.0250 -2.9832 -0.0000 0.7431 -0.0000 0.6691
1620701513.448301 1.6483 0.0250 -2.9828 -0.0000 0.7373 -0.0000 0.6756
1620701513.481634 1.6440 0.0250 -2.9824 -0.0000 0.7314 -0.0000 0.6820
1620701513.514967 1.6739 0.0250 -2.9845 -0.0000 0.7314 -0.0000 0.6820
1620701513.548301 1.7038 0.0250 -2.9866 -0.0000 0.7314 -0.0000 0.6820
1620701513.581634 1.7337 0.0250 -2.9887 -0.0000 0.7314 -0.0000 0.6820
1620701513.614967 1.7637 0.0250 -2.9908 -0.0000 0.7314 -0.0000 0.6820
1620701513.648300 1.7936 0.0250 -2.9929 -0.0000 0.7314 -0.0000 0.6820
1620701513.681634 1.8235 0.0250 -2.9950 -0.0000 0.7314 -0.0000 0.6820
1620701513.714967 1.8192 0.0250 -2.9947 -0.0000 0.7254 -0.0000 0.6884
1620701513.748300 1.8148 0.0250 -2.9945 -0.0000 0.7193 -0.0000 0.6947
1620701513.781634 1.8105 0.0250 -2.9944 -0.0000 0.7133 -0.0000 0.7009
1620701513.814967 1.8404 0.0250 -2.9949 -0.0000 0.7133 -0.0000 0.7009
1620701513.848300 1.8704 0.0250 -2.9954 -0.0000 0.7133 -0.0000 0.7009
1620701513.881634 1.9004 0.0250 -2.9960 -0.0000 0.7133 -0.0000 0.7009
1620701513.914967 1.9304 0.0250 -2.9965 -0.0000 0.7133 -0.0000 0.7009
1620701513.948300 1.9604 0.0250 -2.9970 -0.0000 0.7133 -0.0000 0.7009
1620701513.981633 1.9904 0.0250 -2.9975 -0.0000 0.7133 -0.0000 0.7009
1620701514.014967 2.0204 0.0250 -2.9981 -0.0000 0.7133 -0.0000 0.7009
1620701514.048300 2.0161 0.0250 -2.9980 -0.0000 0.7071 -0.0000 0.7071
1620701514.081633 2.0117 0.0250 -2.9981 -0.0000 0.7009 -0.0000 0.7133
1620701514.114967 2.0073 0.0250 -2.9982 -0.0000 0.6947 -0.0000 0.7193
1620701514.148300 2.0030 0.0250 -2.9984 -0.0000 0.6884 -0.0000 0.7254
1620701514.181633 2.0329 0.0250 -2.9968 -0.0000 0.6884 -0.0000 0.7254
1620701514.214967 2.0629 0.0250 -2.9952 -0.0000 0.6884 -0.0000 0.7254
1620701514.248300 2.0929 0.0250 -2.9937 -0.0000 0.6884 -0.0000 0.7254
1620701514.281633 2.1228 0.0250 -2.9921 -0.0000 0.6884 -0.0000 0.7254
1620701514.314966 2.1528 0.0250 -2.9905 -0.0000 0.6884 -0.0000 0.7254
1620701514.348300 2.1484 0.0250 -2.9908 -0.0000 0.6820 -0.0000 0.7314
1620701514.381633 2.1441 0.0250 -2.9911 -0.0000 0.6756 -0.0000 0.7373
1620701514.414966 2.1740 0.0250 -2.9885 -0.0000 0.6756 -0.0000 0.7373
1620701514.448300 2.2038 0.0250 -2.9859 -0.0000 0.6756 -0.0000 0.7373
1620701514.481633 2.2337 0.0250 -2.9833 -0.0000 0.6756 -0.0000 0.7373
1620701514.514966 2.2636 0.0250 -2.9807 -0.0000 0.6756 -0.0000 0.7373
1620701514.548300 2.2935 0.0250 -2.9780 -0.0000 0.6756 -0.0000 0.7373
1620701514.581633 2.3234 0.0250 -2.9754 -0.0000 0.6756 -0.0000 0.7373
1620701514.614966 2.3533 0.0250 -2.9728 -0.0000 0.6756 -0.0000 0.7373
1620701514.648299 2.3832 0.0250 -2.9702 -0.0000 0.6756 -0.0000 0.7373
1620701514.681633 2.4130 0.0250 -2.9676 -0.0000 0.6756 -0.0000 0.7373
1620701514.714966 2.4429 0.0250 -2.9650 -0.0000 0.6756 -0.0000 0.7373
1620701514.748299 2.4728 0.0250 -2.9624 -0.0000 0.6756 -0.0000 0.7373
1620701514.781633 2.5027 0.0250 -2.9597 -0.0000 0.6756 -0.0000 0.7373
1620701514.814966 2.5326 0.0250 -2.9571 -0.0000 0.6756 -0.0000 0.7373
1620701514.848299 2.5625 0.0250 -2.9545 -0.0000 0.6756 -0.0000 0.7373
1620701514.881633 2.5924 0.0250 -2.9519 -0.0000 0.6756 -0.0000 0.7373
1620701514.914966 2.6222 0.0250 -2.9493 -0.0000 0.6756 -0.0000 0.7373
1620701514.948299 2.6521 0.0250 -2.9467 -0.0000 0.6756 -0.0000 0.7373
1620701514.981632 2.6820 0.0250 -2.9441 -0.0000 0.6756 -0.0000 0.7373
1620701515.014966 2.7119 0.0250 -2.9414 -0.0000 0.6756 -0.0000 0.7373
1620701515.048299 2.7418 0.0250 -2.9388 -0.0000 0.6756 -0.0000 0.7373
1620701515.081632 2.7717 0.0250 -2.9362 -0.0000 0.6756 -0.0000 0.7373
1620701515.114966 2.8016 0.0250 -2.9336 -0.0000 0.6756 -0.0000 0.7373
1620701515.148299 2.8314 0.0250 -2.9310 -0.0000 0.6756 -0.0000 0.7373
1620701515.181632 2.8613 0.0250 -2.9284 -0.0000 0.6756 -0.0000 0.7373
1620701515.214966 2.8912 0.0250 -2.9258 -0.0000 0.6756 -0.0000 0.7373
1620701515.248299 2.9211 0.0250 -2.9231 -0.0000 0.6756 -0.0000 0.7373
1620701515.281632 2.9510 0.0250 -2.9205 -0.0000 0.6756 -0.0000 0.7373
1620701515.314965 2.9679 0.0250 -2.9179 -0.0000 0.6756 -0.0000 0.7373
1620701515.348299 2.9679 0.0250 -2.9153 -0.0000 0.6756 -0.0000 0.7373
1620701515.381632 2.9679 0.0250 -2.9127 -0.0000 0.6756 -0.0000 0.7373
1620701515.414965 2.9679 0.0250 -2.9101 -0.0000 0.6756 -0.0000 0.7373
1620701515.448299 2.9679 0.0250 -2.9074 -0.0000 0.6756 -0.0000 0.7373
1620701515.481632 2.9679 0.0250 -2.9048 -0.0000 0.6756 -0.0000 0.7373
1620701515.514965 2.9679 0.0250 -2.9022 -0.0000 0.6756 -0.0000 0.7373
1620701515.548299 2.9679 0.0250 -2.8996 -0.0000 0.6756 -0.0000 0.7373
1620701515.581632 2.9679 0.0250 -2.8970 -0.0000 0.6756 -0.0000 0.7373
1620701515.614965 2.9679 0.0250 -2.8944 -0.0000 0.6756 -0.0000 0.7373
1620701515.648299 2.9679 0.0250 -2.8918 -0.0000 0.6756 -0.0000 0.7373
1620701515.681632 2.9679 0.0250 -2.8891 -0.0000 0.6756 -0.0000 0.7373
1620701515.714965 2.9679 0.0250 -2.8865 -0.0000 0.6756 -0.0000 0.7373
1620701515.748298 2.9679 0.0250 -2.8839 -0.0000 0.6756 -0.0000 0.7373
1620701515.781632 2.9679 0.0250 -2.8813 -0.0000 0.6756 -0.0000 0.7373
1620701515.814965 2.9679 0.0250 -2.8787 -0.0000 0.6756 -0.0000 0.7373
1620701515.848298 2.9679 0.0250 -2.8761 -0.0000 0.6756 -0.0000 0.7373
1620701515.881632 2.9679 0.0250 -2.8735 -0.0000 0.6756 -0.0000 0.7373
1620701515.914965 2.9636 0.0250 -2.8739 -0.0000 0.6691 -0.0000 0.7431
1620701515.948298 2.9592 0.0250 -2.8744 -0.0000 0.6626 -0.0000 0.7490
1620701515.981632 2.9549 0.0250 -2.8749 -0.0000 0.6561 -0.0000 0.7547
1620701516.014965 2.9549 0.0250 -2.8708 -0.0000 0.6561 -0.0000 0.7547
1620701516.048298 2.9549 0.0250 -2.8666 -0.0000 0.6561 -0.0000 0.7547
1620701516.081631 2.9549 0.0250 -2.8624 -0.0000 0.6561 -0.0000 0.7547
1620701516.114965 2.9506 0.0250 -2.8631 -0.0000 0.6494 -0.0000 0.7604
1620701516.148298 2.9463 0.0250 -2.8638 -0.0000 0.6428 -0.0000 0.7660
1620701516.181631 2.9420 0.0250 -2.8646 -0.0000 0.6361 -0.0000 0.7716
1620701516.214965 2.9377 0.0250 -2.8654 -0.0000 0.6293 -0.0000 0.7771
1620701516.248298 2.9335 0.0250 -2.8664 -0.0000 0.6225 -0.0000 0.7826
1620701516.281631 2.9292 0.0250 -2.8674 -0.0000 0.6157 -0.0000 0.7880
1620701516.314965 2.9292 0.0250 -2.8601 -0.0000 0.6157 -0.0000 0.7880
1620701516.348298 2.9292 0.0250 -2.8529 -0.0000 0.6157 -0.0000 0.7880
1620701516.381631 2.9292 0.0250 -2.8456 -0.0000 0.6157 -0.0000 0.7880
1620701516.414964 2.9292 0.0250 -2.8384 -0.0000 0.6157 -0.0000 0.7880
1620701516.448298 2.9292 0.0250 -2.8311 -0.0000 0.6157 -0.0000 0.7880
1620701516.481631 2.9292 0.0250 -2.8239 -0.0000 0.6157 -0.0000 0.7880
1620701516.514964 2.9292 0.0250 -2.8166 -0.0000 0.6157 -0.0000 0.7880
1620701516.548298 2.9569 0.0250 -2.8024 -0.0000 0.6157 -0.0000 0.7880
1620701516.581631 2.9860 0.0250 -2.7951 -0.0000 0.6157 -0.0000 0.7880
1620701516.614964 3.0152 0.0250 -2.7879 -0.0000 0.6157 -0.0000 0.7880
1620701516.648298 3.0443 0.0250 -2.7806 -0.0000 0.6157 -0.0000 0.7880
1620701516.681631 3.0734 0.0250 -2.7734 -0.0000 0.6157 -0.0000 0.7880
1620701516.714964 3.1025 0.0250 -2.7661 -0.0000 0.6157 -0.0000 0.7880
1620701516.748297 3.1316 0.0250 -2.7589 -0.0000 0.6157 -0.0000 0.7880
1620701516.781631 3.1607 0.0250 -2.7516 -0.0000 0.6157 -0.0000 0.7880
1620701516.814964 3.1898 0.0250 -2.7443 -0.0000 0.6157 -0.0000 0.7880
1620701516.848297 3.2189 0.0250 -2.7371 -0.0000 0.6157 -0.0000 0.7880
1620701516.881631 3.2232 0.0250 -2.7361 -0.0000 0.6225 -0.0000 0.7826
1620701516.914964 3.2274 0.0250 -2.7351 -0.0000 0.6293 -0.0000 0.7771
1620701516.948297 3.2317 0.0250 -2.7343 -0.0000 0.6361 -0.0000 0.7716
1620701516.981631 3.2360 0.0250 -2.7335 -0.0000 0.6428 -0.0000 0.7660
1620701517.014964 3.2403 0.0250 -2.7327 -0.0000 0.6494 -0.0000 0.7604
1620701517.048297 3.2446 0.0250 -2.7321 -0.0000 0.6561 -0.0000 0.7547
1620701517.081630 3.2489 0.0250 -2.7315 -0.0000 0.6626 -0.0000 0.7490
1620701517.114964 3.2533 0.0250 -2.7310 -0.0000 0.6691 -0.0000 0.7431
1620701517.148297 3.2576 0.0250 -2.7306 -0.0000 0.6756 -0.0000 0.7373
1620701517.181630 3.2620 0.0250 -2.7303 -0.0000 0.6820 -0.0000 0.7314
1620701517.214964 3.2663 0.0250 -2.7300 -0.0000 0.6884 -0.0000 0.7254
1620701517.248297 3.2707 0.0250 -2.7298 -0.0000 0.6947 -0.0000 0.7193
1620701517.281630 3.2750 0.0250 -2.7297 -0.0000 0.7009 -0.0000 0.7133
1620701517.314964 3.3050 0.0250 -2.7292 -0.0000 0.7009 -0.0000 0.7133
1620701517.348297 3.3350 0.0250 -2.7286 -0.0000 0.7009 -0.0000 0.7133
1620701517.381630 3.3650 0.0250 -2.7281 -0.0000 0.7009 -0.0000 0.7133
1620701517.414963 3.3950 0.0250 -2.7276 -0.0000 0.7009 -0.0000 0.7133
1620701517.448297 3.3994 0.0250 -2.7276 -0.0000 0.7071 -0.0000 0.7071
1620701517.481630 3.4037 0.0250 -2.7276 -0.0000 0.7133 -0.0000 0.7009
1620701517.514963 3.4081 0.0250 -2.7277 -0.0000 0.7193 -0.0000 0.6947
1620701517.548297 3.4125 0.0250 -2.7279 -0.0000 0.7254 -0.0000 0.6884
1620701517.581630 3.4168 0.0250 -2.7282 -0.0000 0.7314 -0.0000 0.6820
1620701517.614963 3.4467 0.0250 -2.7303 -0.0000 0.7314 -0.0000 0.6820
1620701517.648297 3.4767 0.0250 -2.7324 -0.0000 0.7314 -0.0000 0.6820
1620701517.681630 3.5066 0.0250 -2.7344 -0.0000 0.7314 -0.0000 0.6820
1620701517.714963 3.5365 0.0250 -2.7365 -0.0000 0.7314 -0.0000 0.6820
1620701517.748296 3.5664 0.0250 -2.7386 -0.0000 0.7314 -0.0000 0.6820
1620701517.781630 3.5964 0.0250 -2.7407 -0.0000 0.7314 -0.0000 0.6820
1620701517.814963 3.6263 0.0250 -2.7428 -0.0000 0.7314 -0.0000 0.6820
1620701517.848296 3.6562 0.0250 -2.7449 -0.0000 0.7314 -0.0000 0.6820
1620701517.881630 3.6862 0.0250 -2.7470 -0.0000 0.7314 -0.0000 0.6820
1620701517.914963 3.7161 0.0250 -2.7491 -0.0000 0.7314 -0.0000 0.6820
1620701517.948296 3.7460 0.0250 -2.7512 -0.0000 0.7314 -0.0000 0.6820
1620701517.981630 3.7759 0.0250 -2.7533 -0.0000 0.7314 -0.0000 0.6820
1620701518.014963 3.8059 0.0250 -2.7554 -0.0000 0.7314 -0.0000 0.6820
1620701518.048296 3.8358 0.0250 -2.7575 -0.0000 0.7314 -0.0000 0.6820
1620701518.081630 3.8657 0.0250 -2.7596 -0.0000 0.7314 -0.0000 0.6820
1620701518.114963 3.8956 0.0250 -2.7617 -0.0000 0.7314 -0.0000 0.6820
1620701518.148296 3.9256 0.0250 -2.7637 -0.0000 0.7314 -0.0000 0.6820
1620701518.181629 3.9555 0.0250 -2.7658 -0.0000 0.7314 -0.0000 0.6820
1620701518.214963 3.9854 0.0250 -2.7679 -0.0000 0.7314 -0.0000 0.6820
1620701518.248296 4.0154 0.0250 -2.7700 -0.0000 0.7314 -0.0000 0.6820
1620701518.281629 4.0453 0.0250 -2.7721 -0.0000 0.7314 -0.0000 0.6820
1620701518.314963 4.0752 0.0250 -2.7742 -0.0000 0.7314 -0.0000 0.6820
1620701518.348296 4.1051 0.0250 -2.7763 -0.0000 0.7314 -0.0000 0.6820
1620701518.381629 4.1351 0.0250 -2.7784 -0.0000 0.7314 -0.0000 0.6820
1620701518.414963 4.1650 0.0250 -2.7805 -0.0000 0.7314 -0.0000 0.6820
1620701518.448296 4.1949 0.0250 -2.7826 -0.0000 0.7314 -0.0000 0.6820
1620701518.481629 4.2248 0.0250 -2.7847 -0.0000 0.7314 -0.0000 0.6820
1620701518.514962 4.2548 0.0250 -2.7868 -0.0000 0.7314 -0.0000 0.6820
1620701518.548296 4.2847 0.0250 -2.7889 -0.0000 0.7314 -0.0000 0.6820
1620701518.581629 4.3146 0.0250 -2.7909 -0.0000 0.7314 -0.0000 0.6820
1620701518.614962 4.3446 0.0250 -2.7930 -0.0000 0.7314 -0.0000 0.6820
1620701518.648296 4.3745 0.0250 -2.7951 -0.0000 0.7314 -0.0000 0.6820
1620701518.681629 4.4044 0.0250 -2.7972 -0.0000 0.7314 -0.0000 0.6820
1620701518.714962 4.4343 0.0250 -2.7993 -0.0000 0.7314 -0.0000 0.6820
1620701518.748296 4.4643 0.0250 -2.8014 -0.0000 0.7314 -0.0000 0.6820
1620701518.781629 4.4942 0.0250 -2.8035 -0.0000 0.7314 -0.0000 0.6820
1620701518.814962 4.5241 0.0250 -2.8056 -0.0000 0.7314 -0.0000 0.6820
1620701518.848295 4.5540 0.0250 -2.8077 -0.0000 0.7314 -0.0000 0.6820
1620701518.881629 4.5840 0.0250 -2.8098 -0.0000 0.7314 -0.0000 0.6820
1620701518.914962 4.6139 0.0250 -2.8119 -0.0000 0.7314 -0.0000 0.6820
1620701518.948295 4.6438 0.0250 -2.8140 -0.0000 0.7314 -0.0000 0.6820
1620701518.981629 4.6737 0.0250 -2.8161 -0.0000 0.7314 -0.0000 0.6820
1620701519.014962 4.7037 0.0250 -2.8182 -0.0000 0.7314 -0.0000 0.6820
1620701519.048295 4.7336 0.0250 -2.8202 -0.0000 0.7314 -0.0000 0.6820
1620701519.081629 4.7635 0.0250 -2.8223 -0.0000 0.7314 -0.0000 0.6820
1620701519.114962 4.7935 0.0250 -2.8244 -0.0000 0.7314 -0.0000 0.6820
1620701519.148295 4.8234 0.0250 -2.8265 -0.0000 0.7314 -0.0000 0.6820
1620701519.181628 4.8533 0.0250 -2.8286 -0.0000 0.7314 -0.0000 0.6820
1620701519.214962 4.8832 0.0250 -2.8307 -0.0000 0.7314 -0.0000 0.6820
1620701519.248295 4.9132 0.0250 -2.8328 -0.0000 0.7314 -0.0000 0.6820
1620701519.281628 4.9431 0.0250 -2.8349 -0.0000 0.7314 -0.0000 0.6820
1620701519.314962 4.9730 0.0250 -2.8370 -0.0000 0.7314 -0.0000 0.6820
1620701519.348295 5.0029 0.0250 -2.8391 -0.0000 0.7314 -0.0000 0.6820
1620701519.381628 5.0329 0.0250 -2.8412 -0.0000 0.7314 -0.0000 0.6820
1620701519.414962 5.0628 0.0250 -2.8433 -0.0000 0.7314 -0.0000 0.6820
1620701519.448295 5.0927 0.0250 -2.8454 -0.0000 0.7314 -0.0000 0.6820
1620701519.481628 5.1226 0.0250 -2.8474 -0.0000 0.7314 -0.0000 0.6820
1620701519.514961 5.1526 0.0250 -2.8495 -0.0000 0.7314 -0.0000 0.6820
1620701519.548295 5.1825 0.0250 -2.8516 -0.0000 0.7314 -0.0000 0.6820
1620701519.581628 5.2124 0.0250 -2.8537 -0.0000 0.7314 -0.0000 0.6820
1620701519.614961 5.2424 0.0250 -2.8558 -0.0000 0.7314 -0.0000 0.6820
1620701519.648295 5.2723 0.0250 -2.8579 -0.0000 0.7314 -0.0000 0.6820
1620701519.681628 5.3022 0.0250 -2.8600 -0.0000 0.7314 -0.0000 0.6820
1620701519.714961 5.3321 0.0250 -2.8621 -0.0000 0.7314 -0.0000 0.6820
1620701519.748295 5.3621 0.0250 -2.8642 -0.0000 0.7314 -0.0000 0.6820
1620701519.781628 5.3920 0.0250 -2.8663 -0.0000 0.7314 -0.0000 0.6820
1620701519.814961 5.4219 0.0250 -2.8684 -0.0000 0.7314 -0.0000 0.6820
1620701519.848294 5.4518 0.0250 -2.8705 -0.0000 0.7314 -0.0000 0.6820
1620701519.881628 5.4818 0.0250 -2.8726 -0.0000 0.7314 -0.0000 0.6820
1620701519.914961 5.4861 0.0250 -2.8729 -0.0000 0.7373 -0.0000 0.6756
1620701519.948294 5.4905 0.0250 -2.8733 -0.0000 0.7431 -0.0000 0.6691
1620701519.981628 5.4948 0.0250 -2.8738 -0.0000 0.7490 -0.0000 0.6626
1620701520.014961 5.4991 0.0250 -2.8744 -0.0000 0.7547 -0.0000 0.6561
1620701520.048294 5.5034 0.0250 -2.8750 -0.0000 0.7604 -0.0000 0.6494
1620701520.081628 5.5077 0.0250 -2.8758 -0.0000 0.7660 -0.0000 0.6428
1620701520.114961 5.5120 0.0250 -2.8765 -0.0000 0.7716 -0.0000 0.6361
1620701520.148294 5.5163 0.0250 -2.8774 -0.0000 0.7771 -0.0000 0.6293
1620701520.181628 5.5206 0.0250 -2.8784 -0.0000 0.7826 -0.0000 0.6225
1620701520.214961 5.5248 0.0250 -2.8794 -0.0000 0.7880 -0.0000 0.6157
1620701520.248294 5.5290 0.0250 -2.8805 -0.0000 0.7934 -0.0000 0.6088
1620701520.281627 5.5332 0.0250 -2.8816 -0.0000 0.7986 -0.0000 0.6018
1620701520.314961 5.5374 0.0250 -2.8829 -0.0000 0.8039 -0.0000 0.5948
1620701520.348294 5.5416 0.0250 -2.8842 -0.0000 0.8090 -0.0000 0.5878
1620701520.381627 5.5457 0.0250 -2.8856 -0.0000 0.8141 -0.0000 0.5807
1620701520.414961 5.5498 0.0250 -2.8870 -0.0000 0.8192 -0.0000 0.5736
1620701520.448294 5.5539 0.0250 -2.8886 -0.0000 0.8241 -0.0000 0.5664
1620701520.481627 5.5819 0.0250 -2.8993 -0.0000 0.8241 -0.0000 0.5664
1620701520.514961 5.6099 0.0250 -2.9101 -0.0000 0.8241 -0.0000 0.5664
1620701520.548294 5.6379 0.0250 -2.9208 -0.0000 0.8241 -0.0000 0.5664
1620701520.581627 5.6660 0.0250 -2.9316 -0.0000 0.8241 -0.0000 0.5664
1620701520.614960 5.6940 0.0250 -2.9423 -0.0000 0.8241 -0.0000 0.5664
1620701520.648294 5.7220 0.0250 -2.9531 -0.0000 0.8241 -0.0000 0.5664
1620701520.681627 5.7500 0.0250 -2.9638 -0.0000 0.8241 -0.0000 0.5664
1620701520.714960 5.7780 0.0250 -2.9746 -0.0000 0.8241 -0.0000 0.5664
1620701520.748294 5.8060 0.0250 -2.9853 -0.0000 0.8241 -0.0000 0.5664
1620701520.781627 5.8340 0.0250 -2.9961 -0.0000 0.8241 -0.0000 0.5664
1620701520.814960 5.8620 0.0250 -3.0068 -0.0000 0.8241 -0.0000 0.5664
1620701520.848294 5.8661 0.0250 -3.0084 -0.0000 0.8290 -0.0000 0.5592
1620701520.881627 5.8701 0.0250 -3.0101 -0.0000 0.8339 -0.0000 0.5519
1620701520.914960 5.8741 0.0250 -3.0118 -0.0000 0.8387 -0.0000 0.5446
1620701520.948293 5.8781 0.0250 -3.0136 -0.0000 0.8434 -0.0000 0.5373
1620701520.981627 5.8820 0.0250 -3.0155 -0.0000 0.8480 -0.0000 0.5299
1620701521.014960 5.8859 0.0250 -3.0175 -0.0000 0.8526 -0.0000 0.5225
1620701521.048293 5.8898 0.0250 -3.0195 -0.0000 0.8572 -0.0000 0.5150
1620701521.081627 5.8936 0.0250 -3.0216 -0.0000 0.8616 -0.0000 0.5075
1620701521.114960 5.8974 0.0250 -3.0237 -0.0000 0.8660 -0.0000 0.5000
1620701521.148293 5.9234 0.0250 -3.0387 -0.0000 0.8660 -0.0000 0.5000
1620701521.181627 5.9494 0.0250 -3.0537 -0.0000 0.8660 -0.0000 0.5000
1620701521.214960 5.9754 0.0250 -3.0687 -0.0000 0.8660 -0.0000 0.5000
1620701521.248293 6.0013 0.0250 -3.0837 -0.0000 0.8660 -0.0000 0.5000
1620701521.281626 6.0051 0.0250 -3.0859 -0.0000 0.8704 -0.0000 0.4924
1620701521.314960 6.0088 0.0250 -3.0882 -0.0000 0.8746 -0.0000 0.4848
1620701521.348293 6.0125 0.0250 -3.0905 -0.0000 0.8788 -0.0000 0.4772
1620701521.381626 6.0161 0.0250 -3.0930 -0.0000 0.8829 -0.0000 0.4695
1620701521.414960 6.0197 0.0250 -3.0954 -0.0000 0.8870 -0.0000 0.4617
1620701521.448293 6.0233 0.0250 -3.0980 -0.0000 0.8910 -0.0000 0.4540
1620701521.481626 6.0268 0.0250 -3.1006 -0.0000 0.8949 -0.0000 0.4462
1620701521.514960 6.0303 0.0250 -3.1032 -0.0000 0.8988 -0.0000 0.4384
1620701521.548293 6.0337 0.0250 -3.1059 -0.0000 0.9026 -0.0000 0.4305
1620701521.581626 6.0370 0.0250 -3.1087 -0.0000 0.9063 -0.0000 0.4226
1620701521.614959 6.0404 0.0250 -3.1115 -0.0000 0.9100 -0.0000 0.4147
1620701521.648293 6.0436 0.0250 -3.1144 -0.0000 0.9135 -0.0000 0.4067
1620701521.681626 6.0468 0.0250 -3.1174 -0.0000 0.9171 -0.0000 0.3987
1620701521.714959 6.0500 0.0250 -3.1204 -0.0000 0.9205 -0.0000 0.3907
1620701521.748293 6.0716 0.0250 -3.1412 -0.0000 0.9205 -0.0000 0.3907
1620701521.781626 6.0747 0.0250 -3.1443 -0.0000 0.9239 -0.0000 0.3827
1620701521.814959 6.0778 0.0250 -3.1474 -0.0000 0.9272 -0.0000 0.3746
1620701521.848293 6.0808 0.0250 -3.1506 -0.0000 0.9304 -0.0000 0.3665
1620701521.881626 6.0837 0.0250 -3.1538 -0.0000 0.9336 -0.0000 0.3584
1620701521.914959 6.0866 0.0250 -3.1570 -0.0000 0.9367 -0.0000 0.3502
1620701521.948292 6.0894 0.0250 -3.1604 -0.0000 0.9397 -0.0000 0.3420
1620701521.981626 6.0922 0.0250 -3.1637 -0.0000 0.9426 -0.0000 0.3338
1620701522.014959 6.0949 0.0250 -3.1671 -0.0000 0.9455 -0.0000 0.3256
1620701522.048292 6.0976 0.0250 -3.1706 -0.0000 0.9483 -0.0000 0.3173
1620701522.081626 6.1002 0.0250 -3.1741 -0.0000 0.9511 -0.0000 0.3090
1620701522.114959 6.1027 0.0250 -3.1777 -0.0000 0.9537 -0.0000 0.3007
1620701522.148292 6.1052 0.0250 -3.1813 -0.0000 0.9563 -0.0000 0.2924
1620701522.181626 6.1076 0.0250 -3.1849 -0.0000 0.9588 -0.0000 0.2840
1620701522.214959 6.1099 0.0250 -3.1886 -0.0000 0.9613 -0.0000 0.2756
1620701522.248292 6.1122 0.0250 -3.1923 -0.0000 0.9636 -0.0000 0.2672
1620701522.281626 6.1144 0.0250 -3.1961 -0.0000 0.9659 -0.0000 0.2588
1620701522.314959 6.1166 0.0250 -3.1998 -0.0000 0.9681 -0.0000 0.2504
1620701522.348292 6.1187 0.0250 -3.2037 -0.0000 0.9703 -0.0000 0.2419
1620701522.381625 6.1207 0.0250 -3.2076 -0.0000 0.9724 -0.0000 0.2334
1620701522.414959 6.1226 0.0250 -3.2115 -0.0000 0.9744 -0.0000 0.2250
1620701522.448292 6.1245 0.0250 -3.2154 -0.0000 0.9763 -0.0000 0.2164
1620701522.481625 6.1263 0.0250 -3.2194 -0.0000 0.9781 -0.0000 0.2079
1620701522.514959 6.1280 0.0250 -3.2234 -0.0000 0.9799 -0.0000 0.1994
1620701522.548292 6.1297 0.0250 -3.2274 -0.0000 0.9816 -0.0000 0.1908
1620701522.581625 6.1313 0.0250 -3.2315 -0.0000 0.9833 -0.0000 0.1822
1620701522.614959 6.1421 0.0250 -3.2595 -0.0000 0.9833 -0.0000 0.1822
1620701522.648292 6.1528 0.0250 -3.2875 -0.0000 0.9833 -0.0000 0.1822
1620701522.681625 6.1636 0.0250 -3.3155 -0.0000 0.9833 -0.0000 0.1822
1620701522.714958 6.1743 0.0250 -3.3435 -0.0000 0.9833 -0.0000 0.1822
1620701522.748292 6.1851 0.0250 -3.3715 -0.0000 0.9833 -0.0000 0.1822
1620701522.781625 6.1958 0.0250 -3.3995 -0.0000 0.9833 -0.0000 0.1822
1620701522.814958 6.2066 0.0250 -3.4275 -0.0000 0.9833 -0.0000 0.1822
1620701522.848292 6.2081 0.0250 -3.4316 -0.0000 0.9848 -0.0000 0.1736
1620701522.881625 6.2096 0.0250 -3.4357 -0.0000 0.9863 -0.0000 0.1650
1620701522.914958 6.2109 0.0250 -3.4399 -0.0000 0.9877 -0.0000 0.1564
1620701522.948292 6.2202 0.0250 -3.4684 -0.0000 0.9877 -0.0000 0.1564
1620701522.981625 6.2295 0.0250 -3.4969 -0.0000 0.9877 -0.0000 0.1564
1620701523.014958 6.2388 0.0250 -3.5254 -0.0000 0.9877 -0.0000 0.1564
1620701523.048291 6.2480 0.0250 -3.5540 -0.0000 0.9877 -0.0000 0.1564
1620701523.081625 6.2573 0.0250 -3.5825 -0.0000 0.9877 -0.0000 0.1564
1620701523.114958 6.2666 0.0250 -3.6110 -0.0000 0.9877 -0.0000 0.1564
1620701523.148291 6.2758 0.0250 -3.6396 -0.0000 0.9877 -0.0000 0.1564
1620701523.181625 6.2771 0.0250 -3.6437 -0.0000 0.9890 -0.0000 0.1478
1620701523.214958 6.2784 0.0250 -3.6479 -0.0000 0.9903 -0.0000 0.1392
1620701523.248291 6.2796 0.0250 -3.6521 -0.0000 0.9914 -0.0000 0.1305
1620701523.281625 6.2806 0.0250 -3.6563 -0.0000 0.9925 -0.0000 0.1219
1620701523.314958 6.2817 0.0250 -3.6606 -0.0000 0.9936 -0.0000 0.1132
1620701523.348291 6.2826 0.0250 -3.6648 -0.0000 0.9945 -0.0000 0.1045
1620701523.381624 6.2835 0.0250 -3.6691 -0.0000 0.9954 -0.0000 0.0958
1620701523.414958 6.2892 0.0250 -3.6986 -0.0000 0.9954 -0.0000 0.0958
1620701523.448291 6.2949 0.0250 -3.7280 -0.0000 0.9954 -0.0000 0.0958
1620701523.481624 6.3007 0.0250 -3.7575 -0.0000 0.9954 -0.0000 0.0958
1620701523.514958 6.3064 0.0250 -3.7869 -0.0000 0.9954 -0.0000 0.0958
1620701523.548291 6.3121 0.0250 -3.8164 -0.0000 0.9954 -0.0000 0.0958
1620701523.581624 6.3178 0.0250 -3.8458 -0.0000 0.9954 -0.0000 0.0958
1620701523.614958 6.3235 0.0250 -3.8753 -0.0000 0.9954 -0.0000 0.0958
1620701523.648291 6.3293 0.0250 -3.9047 -0.0000 0.9954 -0.0000 0.0958
1620701523.681624 6.3350 0.0250 -3.9342 -0.0000 0.9954 -0.0000 0.0958
1620701523.714957 6.3407 0.0250 -3.9636 -0.0000 0.9954 -0.0000 0.0958
1620701523.748291 6.3464 0.0250 -3.9931 -0.0000 0.9954 -0.0000 0.0958
1620701523.781624 6.3522 0.0250 -4.0225 -0.0000 0.9954 -0.0000 0.0958
1620701523.814957 6.3579 0.0250 -4.0520 -0.0000 0.9954 -0.0000 0.0958
1620701523.848291 6.3636 0.0250 -4.0814 -0.0000 0.9954 -0.0000 0.0958
1620701523.881624 6.3693 0.0250 -4.1109 -0.0000 0.9954 -0.0000 0.0958
1620701523.914957 6.3751 0.0250 -4.1403 -0.0000 0.9954 -0.0000 0.0958
1620701523.948291 6.3808 0.0250 -4.1698 -0.0000 0.9954 -0.0000 0.0958
1620701523.981624 6.3865 0.0250 -4.1992 -0.0000 0.9954 -0.0000 0.0958
1620701524.014957 6.3922 0.0250 -4.2287 -0.0000 0.9954 -0.0000 0.0958
1620701524.048290 6.3980 0.0250 -4.2581 -0.0000 0.9954 -0.0000 0.0958
1620701524.081624 6.3988 0.0250 -4.2624 -0.0000 0.9962 -0.0000 0.0872
1620701524.114957 6.3995 0.0250 -4.2667 -0.0000 0.9969 -0.0000 0.0785
1620701524.148290 6.4001 0.0250 -4.2710 -0.0000 0.9976 -0.0000 0.0698
1620701524.181624 6.4007 0.0250 -4.2753 -0.0000 0.9981 -0.0000 0.0610
1620701524.214957 6.4012 0.0250 -4.2797 -0.0000 0.9986 -0.0000 0.0523
1620701524.248290 6.4016 0.0250 -4.2840 -0.0000 0.9990 -0.0000 0.0436
1620701524.281624 6.4019 0.0250 -4.2884 -0.0000 0.9994 -0.0000 0.0349
1620701524.314957 6.4040 0.0250 -4.3183 -0.0000 0.9994 -0.0000 0.0349
1620701524.348290 6.4061 0.0250 -4.3482 -0.0000 0.9994 -0.0000 0.0349
1620701524.381624 6.4082 0.0250 -4.3781 -0.0000 0.9994 -0.0000 0.0349
1620701524.414957 6.4103 0.0250 -4.4081 -0.0000 0.9994 -0.0000 0.0349
1620701524.448290 6.4124 0.0250 -4.4380 -0.0000 0.9994 -0.0000 0.0349
1620701524.481623 6.4145 0.0250 -4.4679 -0.0000 0.9994 -0.0000 0.0349
1620701524.514957 6.4166 0.0250 -4.4979 -0.0000 0.9994 -0.0000 0.0349
1620701524.548290 6.4187 0.0250 -4.5278 -0.0000 0.9994 -0.0000 0.0349
1620701524.581623 6.4208 0.0250 -4.5577 -0.0000 0.9994 -0.0000 0.0349
1620701524.614957 6.4229 0.0250 -4.5876 -0.0000 0.9994 -0.0000 0.0349
1620701524.648290 6.4250 0.0250 -4.6176 -0.0000 0.9994 -0.0000 0.0349
1620701524.681623 6.4271 0.0250 -4.6475 -0.0000 0.9994 -0.0000 0.0349
1620701524.714957 6.4292 0.0250 -4.6774 -0.0000 0.9994 -0.0000 0.0349
1620701524.748290 6.4312 0.0250 -4.7073 -0.0000 0.9994 -0.0000 0.0349
1620701524.781623 6.4333 0.0250 -4.7373 -0.0000 0.9994 -0.0000 0.0349
1620701524.814956 6.4354 0.0250 -4.7672 -0.0000 0.9994 -0.0000 0.0349
1620701524.848290 6.4375 0.0250 -4.7971 -0.0000 0.9994 -0.0000 0.0349
1620701524.881623 6.4396 0.0250 -4.8270 -0.0000 0.9994 -0.0000 0.0349
1620701524.914956 6.4417 0.0250 -4.8570 -0.0000 0.9994 -0.0000 0.0349
1620701524.948290 6.4438 0.0250 -4.8869 -0.0000 0.9994 -0.0000 0.0349
1620701524.981623 6.4459 0.0250 -4.9168 -0.0000 0.9994 -0.0000 0.0349
1620701525.014956 6.4480 0.0250 -4.9468 -0.0000 0.9994 -0.0000 0.0349
1620701525.048290 6.4501 0.0250 -4.9767 -0.0000 0.9994 -0.0000 0.0349
1620701525.081623 6.4522 0.0250 -5.0066 -0.0000 0.9994 -0.0000 0.0349
1620701525.114956 6.4543 0.0250 -5.0365 -0.0000 0.9994 -0.0000 0.0349
1620701525.148289 6.4564 0.0250 -5.0665 -0.0000 0.9994 -0.0000 0.0349
1620701525.181623 6.4585 0.0250 -5.0964 -0.0000 0.9994 -0.0000 0.0349
1620701525.214956 6.4605 0.0250 -5.1263 -0.0000 0.9994 -0.0000 0.0349
1620701525.248289 6.4608 0.0250 -5.1307 -0.0000 0.9997 -0.0000 0.0262
1620701525.281623 6.4610 0.0250 -5.1350 -0.0000 0.9998 -0.0000 0.0175
1620701525.314956 6.4611 0.0250 -5.1394 -0.0000 1.0000 -0.0000 0.0087
1620701525.348289 6.4616 0.0250 -5.1694 -0.0000 1.0000 -0.0000 0.0087
1620701525.381623 6.4622 0.0250 -5.1994 -0.0000 1.0000 -0.0000 0.0087
1620701525.414956 6.4627 0.0250 -5.2294 -0.0000 1.0000 -0.0000 0.0087
1620701525.448289 6.4632 0.0250 -5.2594 -0.0000 1.0000 -0.0000 0.0087
1620701525.481622 6.4637 0.0250 -5.2894 -0.0000 1.0000 -0.0000 0.0087
1620701525.514956 6.4643 0.0250 -5.3194 -0.0000 1.0000 -0.0000 0.0087
1620701525.548289 6.4648 0.0250 -5.3494 -0.0000 1.0000 -0.0000 0.0087
1620701525.581622 6.4653 0.0250 -5.3794 -0.0000 1.0000 -0.0000 0.0087
1620701525.614956 6.4658 0.0250 -5.4094 -0.0000 1.0000 -0.0000 0.0087
1620701525.648289 6.4664 0.0250 -5.4393 -0.0000 1.0000 -0.0000 0.0087
1620701525.681622 6.4669 0.0250 -5.4693 -0.0000 1.0000 -0.0000 0.0087
1620701525.714956 6.4674 0.0250 -5.4993 -0.0000 1.0000 -0.0000 0.0087
1620701525.748289 6.4674 0.0250 -5.5037 -0.0000 1.0000 -0.0000 0.0000
1620701525.781622 6.4674 0.0250 -5.5081 -0.0000 1.0000 -0.0000 -0.0087
1620701525.814955 6.4673 0.0250 -5.5124 -0.0000 0.9998 -0.0000 -0.0175
1620701525.848289 6.4671 0.0250 -5.5168 -0.0000 0.9997 -0.0000 -0.0262
1620701525.881622 6.4668 0.0250 -5.5211 -0.0000 0.9994 -0.0000 -0.0349
1620701525.914955 6.4665 0.0250 -5.5255 -0.0000 0.9990 -0.0000 -0.0436
1620701525.948289 6.4661 0.0250 -5.5298 -0.0000 0.9986 -0.0000 -0.0523
1620701525.981622 6.4629 0.0250 -5.5597 -0.0000 0.9986 -0.0000 -0.0523
1620701526.014955 6.4598 0.0250 -5.5895 -0.0000 0.9986 -0.0000 -0.0523
1620701526.048289 6.4567 0.0250 -5.6193 -0.0000 0.9986 -0.0000 -0.0523
1620701526.081622 6.4535 0.0250 -5.6492 -0.0000 0.9986 -0.0000 -0.0523
1620701526.114955 6.4504 0.0250 -5.6790 -0.0000 0.9986 -0.0000 -0.0523
1620701526.148288 6.4473 0.0250 -5.7088 -0.0000 0.9986 -0.0000 -0.0523
1620701526.181622 6.4441 0.0250 -5.7387 -0.0000 0.9986 -0.0000 -0.0523
1620701526.214955 6.4410 0.0250 -5.7685 -0.0000 0.9986 -0.0000 -0.0523
1620701526.248288 6.4379 0.0250 -5.7984 -0.0000 0.9986 -0.0000 -0.0523
1620701526.281622 6.4347 0.0250 -5.8282 -0.0000 0.9986 -0.0000 -0.0523
1620701526.314955 6.4316 0.0250 -5.8580 -0.0000 0.9986 -0.0000 -0.0523
1620701526.348288 6.4284 0.0250 -5.8879 -0.0000 0.9986 -0.0000 -0.0523
1620701526.381622 6.4253 0.0250 -5.9177 -0.0000 0.9986 -0.0000 -0.0523
1620701526.414955 6.4222 0.0250 -5.9475 -0.0000 0.9986 -0.0000 -0.0523
1620701526.448288 6.4190 0.0250 -5.9774 -0.0000 0.9986 -0.0000 -0.0523
1620701526.481622 6.4159 0.0250 -6.0072 -0.0000 0.9986 -0.0000 -0.0523
1620701526.514955 6.4128 0.0250 -6.0370 -0.0000 0.9986 -0.0000 -0.0523
1620701526.548288 6.4096 0.0250 -6.0669 -0.0000 0.9986 -0.0000 -0.0523
1620701526.581621 6.4091 0.0250 -6.0712 -0.0000 0.9981 -0.0000 -0.0610
1620701526.614955 6.4086 0.0250 -6.0755 -0.0000 0.9976 -0.0000 -0.0698
1620701526.648288 6.4079 0.0250 -6.0799 -0.0000 0.9969 -0.0000 -0.0785
1620701526.681621 6.4072 0.0250 -6.0842 -0.0000 0.9962 -0.0000 -0.0872
1620701526.714955 6.4064 0.0250 -6.0884 -0.0000 0.9954 -0.0000 -0.0958
1620701526.748288 6.4055 0.0250 -6.0927 -0.0000 0.9945 -0.0000 -0.1045
1620701526.781621 6.4046 0.0250 -6.0970 -0.0000 0.9936 -0.0000 -0.1132
1620701526.814955 6.4036 0.0250 -6.1012 -0.0000 0.9925 -0.0000 -0.1219
1620701526.848288 6.4025 0.0250 -6.1054 -0.0000 0.9914 -0.0000 -0.1305
1620701526.881621 6.4013 0.0250 -6.1097 -0.0000 0.9903 -0.0000 -0.1392
1620701526.914954 6.4001 0.0250 -6.1138 -0.0000 0.9890 -0.0000 -0.1478
1620701526.948288 6.3988 0.0250 -6.1180 -0.0000 0.9877 -0.0000 -0.1564
1620701526.981621 6.3974 0.0250 -6.1221 -0.0000 0.9863 -0.0000 -0.1650
1620701527.014954 6.3959 0.0250 -6.1262 -0.0000 0.9848 -0.0000 -0.1736
1620701527.048288 6.3857 0.0250 -6.1544 -0.0000 0.9848 -0.0000 -0.1736
1620701527.081621 6.3754 0.0250 -6.1826 -0.0000 0.9848 -0.0000 -0.1736
1620701527.114954 6.3651 0.0250 -6.2108 -0.0000 0.9848 -0.0000 -0.1736
1620701527.148288 6.3549 0.0250 -6.2390 -0.0000 0.9848 -0.0000 -0.1736
1620701527.181621 6.3446 0.0250 -6.2672 -0.0000 0.9848 -0.0000 -0.1736
1620701527.214954 6.3344 0.0250 -6.2954 -0.0000 0.9848 -0.0000 -0.1736
1620701527.248287 6.3241 0.0250 -6.3236 -0.0000 0.9848 -0.0000 -0.1736
1620701527.281621 6.3138 0.0250 -6.3518 -0.0000 0.9848 -0.0000 -0.1736
1620701527.314954 6.3036 0.0250 -6.3800 -0.0000 0.9848 -0.0000 -0.1736
1620701527.348287 6.2933 0.0250 -6.4082 -0.0000 0.9848 -0.0000 -0.1736
1620701527.381621 6.2918 0.0250 -6.4122 -0.0000 0.9833 -0.0000 -0.1822
1620701527.414954 6.2902 0.0250 -6.4163 -0.0000 0.9816 -0.0000 -0.1908
1620701527.448287 6.2885 0.0250 -6.4203 -0.0000 0.9799 -0.0000 -0.1994
1620701527.481621 6.2868 0.0250 -6.4243 -0.0000 0.9781 -0.0000 -0.2079
1620701527.514954 6.2850 0.0250 -6.4283 -0.0000 0.9763 -0.0000 -0.2164
1620701527.548287 6.2831 0.0250 -6.4322 -0.0000 0.9744 -0.0000 -0.2250
1620701527.581620 6.2811 0.0250 -6.4361 -0.0000 0.9724 -0.0000 -0.2334
1620701527.614954 6.2791 0.0250 -6.4400 -0.0000 0.9703 -0.0000 -0.2419
1620701527.648287 6.2770 0.0250 -6.4439 -0.0000 0.9681 -0.0000 -0.2504
1620701527.681620 6.2749 0.0250 -6.4476 -0.0000 0.9659 -0.0000 -0.2588
1620701527.714954 6.2727 0.0250 -6.4514 -0.0000 0.9636 -0.0000 -0.2672
1620701527.748287 6.2704 0.0250 -6.4551 -0.0000 0.9613 -0.0000 -0.2756
1620701527.781620 6.2681 0.0250 -6.4588 -0.0000 0.9588 -0.0000 -0.2840
1620701527.814954 6.2657 0.0250 -6.4624 -0.0000 0.9563 -0.0000 -0.2924
1620701527.848287 6.2632 0.0250 -6.4660 -0.0000 0.9537 -0.0000 -0.3007
1620701527.881620 6.2606 0.0250 -6.4696 -0.0000 0.9511 -0.0000 -0.3090
1620701527.914953 6.2581 0.0250 -6.4731 -0.0000 0.9483 -0.0000 -0.3173
1620701527.948287 6.2554 0.0250 -6.4766 -0.0000 0.9455 -0.0000 -0.3256
1620701527.981620 6.2527 0.0250 -6.4800 -0.0000 0.9426 -0.0000 -0.3338
1620701528.014953 6.2499 0.0250 -6.4833 -0.0000 0.9397 -0.0000 -0.3420
1620701528.048287 6.2471 0.0250 -6.4867 -0.0000 0.9367 -0.0000 -0.3502
1620701528.081620 6.2442 0.0250 -6.4899 -0.0000 0.9336 -0.0000 -0.3584
1620701528.114953 6.2412 0.0250 -6.4931 -0.0000 0.9304 -0.0000 -0.3665
1620701528.148287 6.2382 0.0250 -6.4963 -0.0000 0.9272 -0.0000 -0.3746
1620701528.181620 6.2352 0.0250 -6.4994 -0.0000 0.9239 -0.0000 -0.3827
1620701528.214953 6.2140 0.0250 -6.5206 -0.0000 0.9239 -0.0000 -0.3827
1620701528.248286 6.1927 0.0250 -6.5419 -0.0000 0.9239 -0.0000 -0.3827
1620701528.281620 6.1715 0.0250 -6.5631 -0.0000 0.9239 -0.0000 -0.3827
1620701528.314953 6.1503 0.0250 -6.5843 -0.0000 0.9239 -0.0000 -0.3827
1620701528.348286 6.1291 0.0250 -6.6055 -0.0000 0.9239 -0.0000 -0.3827
1620701528.381620 6.1079 0.0250 -6.6267 -0.0000 0.9239 -0.0000 -0.3827
1620701528.414953 6.0867 0.0250 -6.6479 -0.0000 0.9239 -0.0000 -0.3827
1620701528.448286 6.0655 0.0250 -6.6691 -0.0000 0.9239 -0.0000 -0.3827
1620701528.481620 6.0624 0.0250 -6.6722 -0.0000 0.9205 -0.0000 -0.3907
1620701528.514953 6.0592 0.0250 -6.6752 -0.0000 0.9171 -0.0000 -0.3987
1620701528.548286 6.0560 0.0250 -6.6781 -0.0000 0.9135 -0.0000 -0.4067
1620701528.581620 6.0527 0.0250 -6.6810 -0.0000 0.9100 -0.0000 -0.4147
1620701528.614953 6.0494 0.0250 -6.6839 -0.0000 0.9063 -0.0000 -0.4226
1620701528.648286 6.0460 0.0250 -6.6866 -0.0000 0.9026 -0.0000 -0.4305
1620701528.681619 6.0426 0.0250 -6.6894 -0.0000 0.8988 -0.0000 -0.4384
1620701528.714953 6.0391 0.0250 -6.6920 -0.0000 0.8949 -0.0000 -0.4462
1620701528.748286 6.0356 0.0250 -6.6946 -0.0000 0.8910 -0.0000 -0.4540
1620701528.781619 6.0321 0.0250 -6.6971 -0.0000 0.8870 -0.0000 -0.4617
1620701528.814953 6.0285 0.0250 -6.6996 -0.0000 0.8829 -0.0000 -0.4695
1620701528.848286 6.0248 0.0250 -6.7020 -0.0000 0.8788 -0.0000 -0.4772
1620701528.881619 6.0212 0.0250 -6.7044 -0.0000 0.8746 -0.0000 -0.4848
1620701528.914953 6.0174 0.0250 -6.7066 -0.0000 0.8704 -0.0000 -0.4924
1620701528.948286 6.0137 0.0250 -6.7089 -0.0000 0.8660 -0.0000 -0.5000
1620701528.981619 6.0099 0.0250 -6.7110 -0.0000 0.8616 -0.0000 -0.5075
1620701529.014952 6.0061 0.0250 -6.7131 -0.0000 0.8572 -0.0000 -0.5150
1620701529.048286 6.0022 0.0250 -6.7151 -0.0000 0.8526 -0.0000 -0.5225
1620701529.081619 5.9983 0.0250 -6.7171 -0.0000 0.8480 -0.0000 -0.5299
1620701529.114952 5.9943 0.0250 -6.7189 -0.0000 0.8434 -0.0000 -0.5373
1620701529.148286 5.9904 0.0250 -6.7207 -0.0000 0.8387 -0.0000 -0.5446
1620701529.181619 5.9864 0.0250 -6.7225 -0.0000 0.8339 -0.0000 -0.5519
1620701529.214952 5.9823 0.0250 -6.7241 -0.0000 0.8290 -0.0000 -0.5592
1620701529.248286 5.9783 0.0250 -6.7257 -0.0000 0.8241 -0.0000 -0.5664
1620701529.281619 5.9742 0.0250 -6.7273 -0.0000 0.8192 -0.0000 -0.5736
1620701529.314952 5.9701 0.0250 -6.7287 -0.0000 0.8141 -0.0000 -0.5807
1620701529.348285 5.9659 0.0250 -6.7301 -0.0000 0.8090 -0.0000 -0.5878
1620701529.381619 5.9618 0.0250 -6.7314 -0.0000 0.8039 -0.0000 -0.5948
1620701529.414952 5.9576 0.0250 -6.7327 -0.0000 0.7986 -0.0000 -0.6018
1620701529.448285 5.9534 0.0250 -6.7338 -0.0000 0.7934 -0.0000 -0.6088
1620701529.481619 5.9492 0.0250 -6.7349 -0.0000 0.7880 -0.0000 -0.6157
1620701529.514952 5.9449 0.0250 -6.7359 -0.0000 0.7826 -0.0000 -0.6225
1620701529.548285 5.9407 0.0250 -6.7369 -0.0000 0.7771 -0.0000 -0.6293
1620701529.581619 5.9364 0.0250 -6.7378 -0.0000 0.7716 -0.0000 -0.6361
1620701529.614952 5.9321 0.0250 -6.7386 -0.0000 0.7660 -0.0000 -0.6428
1620701529.648285 5.9278 0.0250 -6.7393 -0.0000 0.7604 -0.0000 -0.6494
1620701529.681618 5.9235 0.0250 -6.7399 -0.0000 0.7547 -0.0000 -0.6561
1620701529.714952 5.9192 0.0250 -6.7405 -0.0000 0.7490 -0.0000 -0.6626
1620701529.748285 5.9148 0.0250 -6.7410 -0.0000 0.7431 -0.0000 -0.6691
1620701529.781618 5.9105 0.0250 -6.7414 -0.0000 0.7373 -0.0000 -0.6756
1620701529.814952 5.9061 0.0250 -6.7417 -0.0000 0.7314 -0.0000 -0.6820
1620701529.848285 5.9018 0.0250 -6.7420 -0.0000 0.7254 -0.0000 -0.6884
1620701529.881618 5.8974 0.0250 -6.7422 -0.0000 0.7193 -0.0000 -0.6947
1620701529.914952 5.8931 0.0250 -6.7423 -0.0000 0.7133 -0.0000 -0.7009
1620701529.948285 5.8887 0.0250 -6.7424 -0.0000 0.7071 -0.0000 -0.7071
1620701529.981618 5.8843 0.0250 -6.7423 -0.0000 0.7009 -0.0000 -0.7133
1620701530.014951 5.8800 0.0250 -6.7422 -0.0000 0.6947 -0.0000 -0.7193
1620701530.048285 5.8756 0.0250 -6.7420 -0.0000 0.6884 -0.0000 -0.7254
1620701530.081618 5.8712 0.0250 -6.7417 -0.0000 0.6820 -0.0000 -0.7314
1620701530.114951 5.8669 0.0250 -6.7414 -0.0000 0.6756 -0.0000 -0.7373
1620701530.148285 5.8626 0.0250 -6.7410 -0.0000 0.6691 -0.0000 -0.7431
1620701530.181618 5.8582 0.0250 -6.7405 -0.0000 0.6626 -0.0000 -0.7490
1620701530.214951 5.8539 0.0250 -6.7399 -0.0000 0.6561 -0.0000 -0.7547
1620701530.248285 5.8496 0.0250 -6.7393 -0.0000 0.6494 -0.0000 -0.7604
1620701530.281618 5.8453 0.0250 -6.7386 -0.0000 0.6428 -0.0000 -0.7660
1620701530.314951 5.8410 0.0250 -6.7378 -0.0000 0.6361 -0.0000 -0.7716
1620701530.348284 5.8367 0.0250 -6.7369 -0.0000 0.6293 -0.0000 -0.7771
1620701530.381618 5.8325 0.0250 -6.7359 -0.0000 0.6225 -0.0000 -0.7826
1620701530.414951 5.8282 0.0250 -6.7349 -0.0000 0.6157 -0.0000 -0.7880
1620701530.448284 5.8240 0.0250 -6.7338 -0.0000 0.6088 -0.0000 -0.7934
1620701530.481618 5.8198 0.0250 -6.7327 -0.0000 0.6018 -0.0000 -0.7986
1620701530.514951 5.8156 0.0250 -6.7314 -0.0000 0.5948 -0.0000 -0.8039
1620701530.548284 5.8114 0.0250 -6.7301 -0.0000 0.5878 -0.0000 -0.8090
1620701530.581618 5.8073 0.0250 -6.7287 -0.0000 0.5807 -0.0000 -0.8141
1620701530.614951 5.8032 0.0250 -6.7273 -0.0000 0.5736 -0.0000 -0.8192
1620701530.648284 5.7991 0.0250 -6.7257 -0.0000 0.5664 -0.0000 -0.8241
1620701530.681617 5.7950 0.0250 -6.7241 -0.0000 0.5592 -0.0000 -0.8290
1620701530.714951 5.7910 0.0250 -6.7225 -0.0000 0.5519 -0.0000 -0.8339
1620701530.748284 5.7870 0.0250 -6.7207 -0.0000 0.5446 -0.0000 -0.8387
1620701530.781617 5.7830 0.0250 -6.7189 -0.0000 0.5373 -0.0000 -0.8434
1620701530.814951 5.7791 0.0250 -6.7171 -0.0000 0.5299 -0.0000 -0.8480
1620701530.848284 5.7752 0.0250 -6.7151 -0.0000 0.5225 -0.0000 -0.8526
1620701530.881617 5.7713 0.0250 -6.7131 -0.0000 0.5150 -0.0000 -0.8572
1620701530.914951 5.7675 0.0250 -6.7110 -0.0000 0.5075 -0.0000 -0.8616
1620701530.948284 5.7637 0.0250 -6.7089 -0.0000 0.5000 -0.0000 -0.8660
1620701530.981617 5.7599 0.0250 -6.7066 -0.0000 0.4924 -0.0000 -0.8704
1620701531.014951 5.7562 0.0250 -6.7044 -0.0000 0.4848 -0.0000 -0.8746
1620701531.048284 5.7525 0.0250 -6.7020 -0.0000 0.4772 -0.0000 -0.8788
1620701531.081617 5.7489 0.0250 -6.6996 -0.0000 0.4695 -0.0000 -0.8829
1620701531.114950 5.7453 0.0250 -6.6971 -0.0000 0.4617 -0.0000 -0.8870
1620701531.148284 5.7417 0.0250 -6.6946 -0.0000 0.4540 -0.0000 -0.8910
1620701531.181617 5.7382 0.0250 -6.6920 -0.0000 0.4462 -0.0000 -0.8949
1620701531.214950 5.7348 0.0250 -6.6894 -0.0000 0.4384 -0.0000 -0.8988
1620701531.248284 5.7314 0.0250 -6.6866 -0.0000 0.4305 -0.0000 -0.9026
1620701531.281617 5.7280 0.0250 -6.6839 -0.0000 0.4226 -0.0000 -0.9063
1620701531.314950 5.7247 0.0250 -6.6810 -0.0000 0.4147 -0.0000 -0.9100
1620701531.348284 5.7214 0.0250 -6.6781 -0.0000 0.4067 -0.0000 -0.9135
1620701531.381617 5.7182 0.0250 -6.6752 -0.0000 0.3987 -0.0000 -0.9171
1620701531.414950 5.7150 0.0250 -6.6722 -0.0000 0.3907 -0.0000 -0.9205
1620701531.448283 5.7119 0.0250 -6.6691 -0.0000 0.3827 -0.0000 -0.9239
1620701531.481617 5.7089 0.0250 -6.6660 -0.0000 0.3746 -0.0000 -0.9272
1620701531.514950 5.7059 0.0250 -6.6629 -0.0000 0.3665 -0.0000 -0.9304
1620701531.548283 5.7029 0.0250 -6.6596 -0.0000 0.3584 -0.0000 -0.9336
1620701531.581617 5.7000 0.0250 -6.6564 -0.0000 0.3502 -0.0000 -0.9367
