# ground truth trajectory
# file: 'rgbd_dataset_freiburg1_xyz.bag'
# timestamp tx ty tz qx qy qz qw
1620704989.740554 0.0000 -0.0000 -0.0000 -0.0000 -0.0000 -0.0000 1.0000
1620704989.773888 0.0000 -0.0059 0.0500 -0.0000 -0.0000 -0.0000 1.0000
1620704989.807221 0.0000 -0.0118 0.1000 -0.0000 -0.0000 -0.0000 1.0000
1620704989.840554 0.0000 -0.0177 0.1500 -0.0000 -0.0000 -0.0000 1.0000
1620704989.873888 0.0000 -0.0237 0.2000 -0.0000 -0.0000 -0.0000 1.0000
1620704989.907221 0.0001 -0.0237 0.2065 -0.0000 0.0131 -0.0000 0.9999
1620704989.940554 0.0003 -0.0237 0.2131 -0.0000 0.0262 -0.0000 0.9997
1620704989.973887 0.0008 -0.0237 0.2196 -0.0000 0.0393 -0.0000 0.9992
1620704990.007221 0.0014 -0.0237 0.2261 -0.0000 0.0523 -0.0000 0.9986
1620704990.040554 0.0066 -0.0288 0.2759 -0.0000 0.0523 -0.0000 0.9986
1620704990.073887 0.0118 -0.0340 0.3256 -0.0000 0.0523 -0.0000 0.9986
1620704990.107221 0.0170 -0.0391 0.3753 -0.0000 0.0523 -0.0000 0.9986
1620704990.140554 0.0223 -0.0443 0.4250 -0.0000 0.0523 -0.0000 0.9986
1620704990.173887 0.0275 -0.0494 0.4748 -0.0000 0.0523 -0.0000 0.9986
1620704990.207221 0.0283 -0.0494 0.4813 -0.0000 0.0654 -0.0000 0.9979
1620704990.240554 0.0292 -0.0494 0.4877 -0.0000 0.0785 -0.0000 0.9969
1620704990.273887 0.0303 -0.0494 0.4942 -0.0000 0.0915 -0.0000 0.9958
1620704990.307220 0.0316 -0.0494 0.5006 -0.0000 0.1045 -0.0000 0.9945
1620704990.340554 0.0330 -0.0494 0.5070 -0.0000 0.1175 -0.0000 0.9931
1620704990.373887 0.0347 -0.0494 0.5133 -0.0000 0.1305 -0.0000 0.9914
1620704990.407220 0.0364 -0.0494 0.5196 -0.0000 0.1435 -0.0000 0.9897
1620704990.440554 0.0384 -0.0494 0.5259 -0.0000 0.1564 -0.0000 0.9877
1620704990.473887 0.0405 -0.0494 0.5321 -0.0000 0.1693 -0.0000 0.9856
1620704990.507220 0.0427 -0.0494 0.5382 -0.0000 0.1822 -0.0000 0.9833
1620704990.540554 0.0452 -0.0494 0.5443 -0.0000 0.1951 -0.0000 0.9808
1620704990.573887 0.0477 -0.0494 0.5503 -0.0000 0.2079 -0.0000 0.9781
1620704990.607220 0.0505 -0.0494 0.5563 -0.0000 0.2207 -0.0000 0.9753
1620704990.640553 0.0534 -0.0494 0.5621 -0.0000 0.2334 -0.0000 0.9724
1620704990.673887 0.0564 -0.0494 0.5679 -0.0000 0.2462 -0.0000 0.9692
1620704990.707220 0.0596 -0.0494 0.5736 -0.0000 0.2588 -0.0000 0.9659
1620704990.740553 0.0630 -0.0494 0.5793 -0.0000 0.2714 -0.0000 0.9625
1620704990.773887 0.0891 -0.0508 0.6219 -0.0000 0.2714 -0.0000 0.9625
1620704990.807220 0.1152 -0.0522 0.6645 -0.0000 0.2714 -0.0000 0.9625
1620704990.840553 0.1413 -0.0536 0.7072 -0.0000 0.2714 -0.0000 0.9625
1620704990.873887 0.1675 -0.0550 0.7498 -0.0000 0.2714 -0.0000 0.9625
1620704990.907220 0.1936 -0.0564 0.7924 -0.0000 0.2714 -0.0000 0.9625
1620704990.940553 0.2197 -0.0578 0.8350 -0.0000 0.2714 -0.0000 0.9625
1620704990.973886 0.2232 -0.0578 0.8406 -0.0000 0.2840 -0.0000 0.9588
1620704991.007220 0.2269 -0.0578 0.8460 -0.0000 0.2965 -0.0000 0.9550
1620704991.040553 0.2306 -0.0578 0.8514 -0.0000 0.3090 -0.0000 0.9511
1620704991.073886 0.2600 -0.0584 0.8918 -0.0000 0.3090 -0.0000 0.9511
1620704991.107220 0.2894 -0.0591 0.9323 -0.0000 0.3090 -0.0000 0.9511
1620704991.140553 0.3188 -0.0549 0.9727 -0.0000 0.3090 -0.0000 0.9511
1620704991.173886 0.3482 -0.0376 1.0132 -0.0000 0.3090 -0.0000 0.9511
1620704991.207220 0.3776 -0.0202 1.0536 -0.0000 0.3090 -0.0000 0.9511
1620704991.240553 0.4070 -0.0028 1.0941 -0.0000 0.3090 -0.0000 0.9511
1620704991.273886 0.4364 0.0146 1.1345 -0.0000 0.3090 -0.0000 0.9511
1620704991.307220 0.4657 0.0250 1.1750 -0.0000 0.3090 -0.0000 0.9511
1620704991.340553 0.4951 0.0250 1.2154 -0.0000 0.3090 -0.0000 0.9511
1620704991.373886 0.5245 0.0250 1.2559 -0.0000 0.3090 -0.0000 0.9511
1620704991.407219 0.5539 0.0250 1.2963 -0.0000 0.3090 -0.0000 0.9511
1620704991.440553 0.5833 0.0250 1.3368 -0.0000 0.3090 -0.0000 0.9511
1620704991.473886 0.6127 0.0250 1.3772 -0.0000 0.3090 -0.0000 0.9511
1620704991.507219 0.6421 0.0250 1.4177 -0.0000 0.3090 -0.0000 0.9511
1620704991.540553 0.6715 0.0250 1.4581 -0.0000 0.3090 -0.0000 0.9511
1620704991.573886 0.7009 0.0250 1.4986 -0.0000 0.3090 -0.0000 0.9511
1620704991.607219 0.7302 0.0250 1.5390 -0.0000 0.3090 -0.0000 0.9511
1620704991.640553 0.7596 0.0250 1.5795 -0.0000 0.3090 -0.0000 0.9511
1620704991.673886 0.7890 0.0250 1.6199 -0.0000 0.3090 -0.0000 0.9511
1620704991.707219 0.7929 0.0250 1.6252 -0.0000 0.3214 -0.0000 0.9469
1620704991.740552 0.7970 0.0250 1.6303 -0.0000 0.3338 -0.0000 0.9426
1620704991.773886 0.8012 0.0250 1.6354 -0.0000 0.3461 -0.0000 0.9382
1620704991.807219 0.8055 0.0250 1.6403 -0.0000 0.3584 -0.0000 0.9336
1620704991.840552 0.8389 0.0250 1.6774 -0.0000 0.3584 -0.0000 0.9336
1620704991.873886 0.8724 0.0250 1.7146 -0.0000 0.3584 -0.0000 0.9336
1620704991.907219 0.9059 0.0250 1.7517 -0.0000 0.3584 -0.0000 0.9336
1620704991.940552 0.9103 0.0250 1.7565 -0.0000 0.3706 -0.0000 0.9288
1620704991.973886 0.9149 0.0250 1.7612 -0.0000 0.3827 -0.0000 0.9239
1620704992.007219 0.9196 0.0250 1.7658 -0.0000 0.3947 -0.0000 0.9188
1620704992.040552 0.9244 0.0250 1.7702 -0.0000 0.4067 -0.0000 0.9135
1620704992.073885 0.9293 0.0250 1.7746 -0.0000 0.4187 -0.0000 0.9081
1620704992.107219 0.9343 0.0250 1.7787 -0.0000 0.4305 -0.0000 0.9026
1620704992.140552 0.9395 0.0250 1.7828 -0.0000 0.4423 -0.0000 0.8969
1620704992.173885 0.9447 0.0250 1.7867 -0.0000 0.4540 -0.0000 0.8910
1620704992.207219 0.9500 0.0250 1.7905 -0.0000 0.4656 -0.0000 0.8850
1620704992.240552 0.9913 0.0250 1.8188 -0.0000 0.4656 -0.0000 0.8850
1620704992.273885 0.9981 0.0250 1.8471 -0.0000 0.4656 -0.0000 0.8850
1620704992.307219 1.0035 0.0250 1.8508 -0.0000 0.4772 -0.0000 0.8788
1620704992.340552 1.0091 0.0250 1.8543 -0.0000 0.4886 -0.0000 0.8725
1620704992.373885 1.0147 0.0250 1.8576 -0.0000 0.5000 -0.0000 0.8660
1620704992.407218 1.0204 0.0250 1.8608 -0.0000 0.5113 -0.0000 0.8594
1620704992.440552 1.0262 0.0250 1.8639 -0.0000 0.5225 -0.0000 0.8526
1620704992.473885 1.0321 0.0250 1.8667 -0.0000 0.5336 -0.0000 0.8457
1620704992.507218 1.0694 0.0250 1.9000 -0.0000 0.5336 -0.0000 0.8457
1620704992.540552 1.1106 0.0250 1.9275 -0.0000 0.5336 -0.0000 0.8457
1620704992.573885 1.1165 0.0250 1.9302 -0.0000 0.5446 -0.0000 0.8387
1620704992.607218 1.1225 0.0250 1.9328 -0.0000 0.5556 -0.0000 0.8315
1620704992.640552 1.1286 0.0250 1.9352 -0.0000 0.5664 -0.0000 0.8241
1620704992.673885 1.1347 0.0250 1.9375 -0.0000 0.5771 -0.0000 0.8166
1620704992.707218 1.1409 0.0250 1.9396 -0.0000 0.5878 -0.0000 0.8090
1620704992.740551 1.1472 0.0250 1.9415 -0.0000 0.5983 -0.0000 0.8013
1620704992.773885 1.1869 0.0250 1.9680 -0.0000 0.5983 -0.0000 0.8013
1620704992.807218 1.2355 0.0250 1.9871 -0.0000 0.5983 -0.0000 0.8013
1620704992.840551 1.2418 0.0250 1.9889 -0.0000 0.6088 -0.0000 0.7934
1620704992.873885 1.2481 0.0250 1.9905 -0.0000 0.6191 -0.0000 0.7853
1620704992.907218 1.2545 0.0250 1.9919 -0.0000 0.6293 -0.0000 0.7771
1620704992.940551 1.2609 0.0250 1.9932 -0.0000 0.6394 -0.0000 0.7688
1620704992.973885 1.3101 0.0250 2.0023 -0.0000 0.6394 -0.0000 0.7688
1620704993.007218 1.3592 0.0250 2.0114 -0.0000 0.6394 -0.0000 0.7688
1620704993.040551 1.4084 0.0250 2.0205 -0.0000 0.6394 -0.0000 0.7688
1620704993.073884 1.4576 0.0250 2.0296 -0.0000 0.6394 -0.0000 0.7688
1620704993.107218 1.4640 0.0250 2.0308 -0.0000 0.6494 -0.0000 0.7604
1620704993.140551 1.4705 0.0250 2.0317 -0.0000 0.6593 -0.0000 0.7518
1620704993.173884 1.4770 0.0250 2.0325 -0.0000 0.6691 -0.0000 0.7431
1620704993.207218 1.4835 0.0250 2.0331 -0.0000 0.6788 -0.0000 0.7343
1620704993.240551 1.5334 0.0250 2.0370 -0.0000 0.6788 -0.0000 0.7343
1620704993.273884 1.5832 0.0250 2.0409 -0.0000 0.6788 -0.0000 0.7343
1620704993.307218 1.6331 0.0250 2.0448 -0.0000 0.6788 -0.0000 0.7343
1620704993.340551 1.6829 0.0250 2.0488 -0.0000 0.6788 -0.0000 0.7343
1620704993.373884 1.6925 0.0250 2.0607 -0.0000 0.6788 -0.0000 0.7343
1620704993.407218 1.6952 0.0250 2.0741 -0.0000 0.6788 -0.0000 0.7343
1620704993.440551 1.6978 0.0250 2.0874 -0.0000 0.6788 -0.0000 0.7343
1620704993.473884 1.7044 0.0250 2.0879 -0.0000 0.6884 -0.0000 0.7254
1620704993.507217 1.7109 0.0250 2.0881 -0.0000 0.6978 -0.0000 0.7163
1620704993.540551 1.7174 0.0250 2.0882 -0.0000 0.7071 -0.0000 0.7071
1620704993.573884 1.7194 0.0250 2.0978 -0.0000 0.7071 -0.0000 0.7071
1620704993.607217 1.7213 0.0250 2.1074 -0.0000 0.7071 -0.0000 0.7071
1620704993.640551 1.7232 0.0250 2.1171 -0.0000 0.7071 -0.0000 0.7071
1620704993.673884 1.7251 0.0250 2.1267 -0.0000 0.7071 -0.0000 0.7071
1620704993.707217 1.7271 0.0250 2.1363 -0.0000 0.7071 -0.0000 0.7071
1620704993.740551 1.7290 0.0250 2.1459 -0.0000 0.7071 -0.0000 0.7071
1620704993.773884 1.7309 0.0250 2.1555 -0.0000 0.7071 -0.0000 0.7071
1620704993.807217 1.7328 0.0250 2.1651 -0.0000 0.7071 -0.0000 0.7071
1620704993.840550 1.7347 0.0250 2.1747 -0.0000 0.7071 -0.0000 0.7071
1620704993.873884 1.7367 0.0250 2.1844 -0.0000 0.7071 -0.0000 0.7071
1620704993.907217 1.7386 0.0250 2.1940 -0.0000 0.7071 -0.0000 0.7071
1620704993.940550 1.7886 0.0250 2.1995 -0.0000 0.7071 -0.0000 0.7071
1620704993.973884 1.8386 0.0250 2.1995 -0.0000 0.7071 -0.0000 0.7071
1620704994.007217 1.8886 0.0250 2.1995 -0.0000 0.7071 -0.0000 0.7071
1620704994.040550 1.9386 0.0250 2.1995 -0.0000 0.7071 -0.0000 0.7071
1620704994.073884 1.9886 0.0250 2.1995 -0.0000 0.7071 -0.0000 0.7071
1620704994.107217 2.0386 0.0250 2.1995 -0.0000 0.7071 -0.0000 0.7071
1620704994.140550 2.0886 0.0250 2.1995 -0.0000 0.7071 -0.0000 0.7071
1620704994.173883 2.1386 0.0250 2.1995 -0.0000 0.7071 -0.0000 0.7071
1620704994.207217 2.1886 0.0250 2.1995 -0.0000 0.7071 -0.0000 0.7071
1620704994.240550 2.2386 0.0250 2.1995 -0.0000 0.7071 -0.0000 0.7071
1620704994.273883 2.2886 0.0250 2.1995 -0.0000 0.7071 -0.0000 0.7071
1620704994.307217 2.3386 0.0250 2.1995 -0.0000 0.7071 -0.0000 0.7071
1620704994.340550 2.3886 0.0250 2.1995 -0.0000 0.7071 -0.0000 0.7071
1620704994.373883 2.4386 0.0250 2.1995 -0.0000 0.7071 -0.0000 0.7071
1620704994.407217 2.4886 0.0250 2.1995 -0.0000 0.7071 -0.0000 0.7071
1620704994.440550 2.5386 0.0250 2.1995 -0.0000 0.7071 -0.0000 0.7071
1620704994.473883 2.5886 0.0250 2.1995 -0.0000 0.7071 -0.0000 0.7071
1620704994.507216 2.6386 0.0250 2.1995 -0.0000 0.7071 -0.0000 0.7071
1620704994.540550 2.6886 0.0250 2.1995 -0.0000 0.7071 -0.0000 0.7071
1620704994.573883 2.7386 0.0250 2.1995 -0.0000 0.7071 -0.0000 0.7071
1620704994.607216 2.7886 0.0250 2.1995 -0.0000 0.7071 -0.0000 0.7071
1620704994.640550 2.8386 0.0250 2.1995 -0.0000 0.7071 -0.0000 0.7071
1620704994.673883 2.8886 0.0250 2.1995 -0.0000 0.7071 -0.0000 0.7071
1620704994.707216 2.9386 0.0250 2.1995 -0.0000 0.7071 -0.0000 0.7071
1620704994.740550 2.9886 0.0250 2.1995 -0.0000 0.7071 -0.0000 0.7071
1620704994.773883 3.0386 0.0250 2.1995 -0.0000 0.7071 -0.0000 0.7071
1620704994.807216 3.0886 0.0250 2.1995 -0.0000 0.7071 -0.0000 0.7071
1620704994.840549 3.1386 0.0250 2.1995 -0.0000 0.7071 -0.0000 0.7071
1620704994.873883 3.1886 0.0250 2.1995 -0.0000 0.7071 -0.0000 0.7071
1620704994.907216 3.2386 0.0250 2.1995 -0.0000 0.7071 -0.0000 0.7071
1620704994.940549 3.2886 0.0250 2.1995 -0.0000 0.7071 -0.0000 0.7071
1620704994.973883 3.3386 0.0250 2.1995 -0.0000 0.7071 -0.0000 0.7071
1620704995.007216 3.3886 0.0250 2.1995 -0.0000 0.7071 -0.0000 0.7071
1620704995.040549 3.4386 0.0250 2.1995 -0.0000 0.7071 -0.0000 0.7071
1620704995.073883 3.4886 0.0250 2.1995 -0.0000 0.7071 -0.0000 0.7071
1620704995.107216 3.5386 0.0250 2.1995 -0.0000 0.7071 -0.0000 0.7071
1620704995.140549 3.5886 0.0250 2.1995 -0.0000 0.7071 -0.0000 0.7071
1620704995.173882 3.6386 0.0250 2.1995 -0.0000 0.7071 -0.0000 0.7071
1620704995.207216 3.6886 0.0250 2.1995 -0.0000 0.7071 -0.0000 0.7071
1620704995.240549 3.7386 0.0250 2.1995 -0.0000 0.7071 -0.0000 0.7071
1620704995.273882 3.7886 0.0250 2.1995 -0.0000 0.7071 -0.0000 0.7071
1620704995.307216 3.8386 0.0250 2.1995 -0.0000 0.7071 -0.0000 0.7071
1620704995.340549 3.8886 0.0250 2.1995 -0.0000 0.7071 -0.0000 0.7071
1620704995.373882 3.9386 0.0250 2.1995 -0.0000 0.7071 -0.0000 0.7071
1620704995.407216 3.9886 0.0250 2.1995 -0.0000 0.7071 -0.0000 0.7071
1620704995.440549 4.0386 0.0250 2.1995 -0.0000 0.7071 -0.0000 0.7071
1620704995.473882 4.0886 0.0250 2.1995 -0.0000 0.7071 -0.0000 0.7071
1620704995.507215 4.1386 0.0250 2.1995 -0.0000 0.7071 -0.0000 0.7071
1620704995.540549 4.1886 0.0250 2.1995 -0.0000 0.7071 -0.0000 0.7071
1620704995.573882 4.2386 0.0250 2.1995 -0.0000 0.7071 -0.0000 0.7071
1620704995.607215 4.2886 0.0250 2.1995 -0.0000 0.7071 -0.0000 0.7071
1620704995.640549 4.3386 0.0250 2.1995 -0.0000 0.7071 -0.0000 0.7071
1620704995.673882 4.3886 0.0250 2.1995 -0.0000 0.7071 -0.0000 0.7071
1620704995.707215 4.4386 0.0250 2.1995 -0.0000 0.7071 -0.0000 0.7071
1620704995.740549 4.4886 0.0250 2.1995 -0.0000 0.7071 -0.0000 0.7071
1620704995.773882 4.5386 0.0250 2.1995 -0.0000 0.7071 -0.0000 0.7071
1620704995.807215 4.5886 0.0250 2.1995 -0.0000 0.7071 -0.0000 0.7071
1620704995.840549 4.6386 0.0250 2.1995 -0.0000 0.7071 -0.0000 0.7071
1620704995.873882 4.6886 0.0250 2.1995 -0.0000 0.7071 -0.0000 0.7071
1620704995.907215 4.7386 0.0250 2.1995 -0.0000 0.7071 -0.0000 0.7071
1620704995.940548 4.7886 0.0250 2.1995 -0.0000 0.7071 -0.0000 0.7071
1620704995.973882 4.8386 0.0250 2.1995 -0.0000 0.7071 -0.0000 0.7071
1620704996.007215 4.8886 0.0250 2.1995 -0.0000 0.7071 -0.0000 0.7071
1620704996.040548 4.9386 0.0250 2.1995 -0.0000 0.7071 -0.0000 0.7071
1620704996.073882 4.9886 0.0250 2.1995 -0.0000 0.7071 -0.0000 0.7071
1620704996.107215 5.0386 0.0250 2.1995 -0.0000 0.7071 -0.0000 0.7071
1620704996.140548 5.0886 0.0250 2.1995 -0.0000 0.7071 -0.0000 0.7071
1620704996.173882 5.1386 0.0250 2.1995 -0.0000 0.7071 -0.0000 0.7071
1620704996.207215 5.1886 0.0250 2.1995 -0.0000 0.7071 -0.0000 0.7071
1620704996.240548 5.2386 0.0250 2.1995 -0.0000 0.7071 -0.0000 0.7071
1620704996.273881 5.2886 0.0250 2.1995 -0.0000 0.7071 -0.0000 0.7071
1620704996.307215 5.2951 0.0250 2.1994 -0.0000 0.7163 -0.0000 0.6978
1620704996.340548 5.3017 0.0250 2.1991 -0.0000 0.7254 -0.0000 0.6884
1620704996.373881 5.3082 0.0250 2.1987 -0.0000 0.7343 -0.0000 0.6788
1620704996.407215 5.3147 0.0250 2.1981 -0.0000 0.7431 -0.0000 0.6691
1620704996.440548 5.3212 0.0250 2.1973 -0.0000 0.7518 -0.0000 0.6593
1620704996.473881 5.3277 0.0250 2.1964 -0.0000 0.7604 -0.0000 0.6494
1620704996.507215 5.3342 0.0250 2.1953 -0.0000 0.7688 -0.0000 0.6394
1620704996.540548 5.3406 0.0250 2.1940 -0.0000 0.7771 -0.0000 0.6293
1620704996.573881 5.3470 0.0250 2.1926 -0.0000 0.7853 -0.0000 0.6191
1620704996.607214 5.3533 0.0250 2.1910 -0.0000 0.7934 -0.0000 0.6088
1620704996.640548 5.3596 0.0250 2.1892 -0.0000 0.8013 -0.0000 0.5983
1620704996.673881 5.3659 0.0250 2.1872 -0.0000 0.8090 -0.0000 0.5878
1620704996.707214 5.3720 0.0250 2.1851 -0.0000 0.8166 -0.0000 0.5771
1620704996.740548 5.3782 0.0250 2.1829 -0.0000 0.8241 -0.0000 0.5664
1620704996.773881 5.3843 0.0250 2.1804 -0.0000 0.8315 -0.0000 0.5556
1620704996.807214 5.3903 0.0250 2.1779 -0.0000 0.8387 -0.0000 0.5446
1620704996.840548 5.3962 0.0250 2.1751 -0.0000 0.8457 -0.0000 0.5336
1620704996.873881 5.4021 0.0250 2.1722 -0.0000 0.8526 -0.0000 0.5225
1620704996.907214 5.4079 0.0250 2.1692 -0.0000 0.8594 -0.0000 0.5113
1620704996.940547 5.4136 0.0250 2.1660 -0.0000 0.8660 -0.0000 0.5000
1620704996.973881 5.4192 0.0250 2.1626 -0.0000 0.8725 -0.0000 0.4886
1620704997.007214 5.4248 0.0250 2.1591 -0.0000 0.8788 -0.0000 0.4772
1620704997.040547 5.4302 0.0250 2.1555 -0.0000 0.8850 -0.0000 0.4656
1620704997.073881 5.4355 0.0250 2.1517 -0.0000 0.8910 -0.0000 0.4540
1620704997.107214 5.4408 0.0250 2.1478 -0.0000 0.8969 -0.0000 0.4423
1620704997.140547 5.4459 0.0250 2.1438 -0.0000 0.9026 -0.0000 0.4305
1620704997.173881 5.4510 0.0250 2.1396 -0.0000 0.9081 -0.0000 0.4187
1620704997.207214 5.4559 0.0250 2.1353 -0.0000 0.9135 -0.0000 0.4067
1620704997.240547 5.4935 0.0250 2.1057 -0.0000 0.9135 -0.0000 0.4067
1620704997.273880 5.5342 0.0250 2.1006 -0.0000 0.9135 -0.0000 0.4067
1620704997.307214 5.5749 0.0250 2.0955 -0.0000 0.9135 -0.0000 0.4067
1620704997.340547 5.6156 0.0250 2.0904 -0.0000 0.9135 -0.0000 0.4067
1620704997.373880 5.6570 0.0250 2.0570 -0.0000 0.9135 -0.0000 0.4067
1620704997.407214 5.6941 0.0250 2.0235 -0.0000 0.9135 -0.0000 0.4067
1620704997.440547 5.7313 0.0250 1.9901 -0.0000 0.9135 -0.0000 0.4067
1620704997.473880 5.7684 0.0250 1.9566 -0.0000 0.9135 -0.0000 0.4067
1620704997.507214 5.7733 0.0250 1.9522 -0.0000 0.9188 -0.0000 0.3947
1620704997.540547 5.7779 0.0250 1.9476 -0.0000 0.9239 -0.0000 0.3827
1620704997.573880 5.7825 0.0250 1.9429 -0.0000 0.9288 -0.0000 0.3706
1620704997.607213 5.7870 0.0250 1.9381 -0.0000 0.9336 -0.0000 0.3584
1620704997.640547 5.7913 0.0250 1.9332 -0.0000 0.9382 -0.0000 0.3461
1620704997.673880 5.7955 0.0250 1.9282 -0.0000 0.9426 -0.0000 0.3338
1620704997.707213 5.7995 0.0250 1.9230 -0.0000 0.9469 -0.0000 0.3214
1620704997.740547 5.8034 0.0250 1.9178 -0.0000 0.9511 -0.0000 0.3090
1620704997.773880 5.8072 0.0250 1.9124 -0.0000 0.9550 -0.0000 0.2965
1620704997.807213 5.8355 0.0250 1.8712 -0.0000 0.9550 -0.0000 0.2965
1620704997.840547 5.8638 0.0250 1.8300 -0.0000 0.9550 -0.0000 0.2965
1620704997.873880 5.8922 0.0250 1.7888 -0.0000 0.9550 -0.0000 0.2965
1620704997.907213 5.9205 0.0250 1.7476 -0.0000 0.9550 -0.0000 0.2965
1620704997.940547 5.9488 0.0250 1.7064 -0.0000 0.9550 -0.0000 0.2965
1620704997.973880 5.9771 0.0250 1.6652 -0.0000 0.9550 -0.0000 0.2965
1620704998.007213 6.0054 0.0250 1.6240 -0.0000 0.9550 -0.0000 0.2965
1620704998.040546 6.0338 0.0250 1.5828 -0.0000 0.9550 -0.0000 0.2965
1620704998.073880 6.0621 0.0250 1.5416 -0.0000 0.9550 -0.0000 0.2965
1620704998.107213 6.0657 0.0250 1.5361 -0.0000 0.9588 -0.0000 0.2840
1620704998.140546 6.0692 0.0250 1.5306 -0.0000 0.9625 -0.0000 0.2714
1620704998.173880 6.0726 0.0250 1.5250 -0.0000 0.9659 -0.0000 0.2588
1620704998.207213 6.0758 0.0250 1.5193 -0.0000 0.9692 -0.0000 0.2462
1620704998.240546 6.0788 0.0250 1.5135 -0.0000 0.9724 -0.0000 0.2334
1620704998.273880 6.0817 0.0250 1.5076 -0.0000 0.9753 -0.0000 0.2207
1620704998.307213 6.0844 0.0250 1.5016 -0.0000 0.9781 -0.0000 0.2079
1620704998.340546 6.0870 0.0250 1.4956 -0.0000 0.9808 -0.0000 0.1951
1620704998.373879 6.0894 0.0250 1.4896 -0.0000 0.9833 -0.0000 0.1822
1620704998.407213 6.0917 0.0250 1.4834 -0.0000 0.9856 -0.0000 0.1693
1620704998.440546 6.0938 0.0250 1.4772 -0.0000 0.9877 -0.0000 0.1564
1620704998.473879 6.0958 0.0250 1.4710 -0.0000 0.9897 -0.0000 0.1435
1620704998.507213 6.0975 0.0250 1.4647 -0.0000 0.9914 -0.0000 0.1305
1620704998.540546 6.0991 0.0250 1.4583 -0.0000 0.9931 -0.0000 0.1175
1620704998.573879 6.1006 0.0250 1.4519 -0.0000 0.9945 -0.0000 0.1045
1620704998.607213 6.1019 0.0250 1.4455 -0.0000 0.9958 -0.0000 0.0915
1620704998.640546 6.1030 0.0250 1.4391 -0.0000 0.9969 -0.0000 0.0785
1620704998.673879 6.1039 0.0250 1.4326 -0.0000 0.9979 -0.0000 0.0654
1620704998.707212 6.1104 0.0250 1.3830 -0.0000 0.9979 -0.0000 0.0654
1620704998.740546 6.1170 0.0250 1.3335 -0.0000 0.9979 -0.0000 0.0654
1620704998.773879 6.1235 0.0250 1.2839 -0.0000 0.9979 -0.0000 0.0654
1620704998.807212 6.1300 0.0250 1.2343 -0.0000 0.9979 -0.0000 0.0654
1620704998.840546 6.1365 0.0250 1.1847 -0.0000 0.9979 -0.0000 0.0654
1620704998.873879 6.1431 0.0250 1.1352 -0.0000 0.9979 -0.0000 0.0654
1620704998.907212 6.1496 0.0250 1.0856 -0.0000 0.9979 -0.0000 0.0654
1620704998.940546 6.1561 0.0250 1.0360 -0.0000 0.9979 -0.0000 0.0654
1620704998.973879 6.1626 0.0250 0.9864 -0.0000 0.9979 -0.0000 0.0654
1620704999.007212 6.1692 0.0250 0.9369 -0.0000 0.9979 -0.0000 0.0654
1620704999.040545 6.1757 0.0250 0.8873 -0.0000 0.9979 -0.0000 0.0654
1620704999.073879 6.1822 0.0250 0.8377 -0.0000 0.9979 -0.0000 0.0654
1620704999.107212 6.1888 0.0250 0.7882 -0.0000 0.9979 -0.0000 0.0654
1620704999.140545 6.1953 0.0250 0.7386 -0.0000 0.9979 -0.0000 0.0654
1620704999.173879 6.2018 0.0250 0.6890 -0.0000 0.9979 -0.0000 0.0654
1620704999.207212 6.2083 0.0250 0.6394 -0.0000 0.9979 -0.0000 0.0654
1620704999.240545 6.2149 0.0250 0.5899 -0.0000 0.9979 -0.0000 0.0654
1620704999.273879 6.2214 0.0250 0.5403 -0.0000 0.9979 -0.0000 0.0654
1620704999.307212 6.2279 0.0250 0.4907 -0.0000 0.9979 -0.0000 0.0654
1620704999.340545 6.2344 0.0250 0.4412 -0.0000 0.9979 -0.0000 0.0654
1620704999.373878 6.2410 0.0250 0.3916 -0.0000 0.9979 -0.0000 0.0654
1620704999.407212 6.2475 0.0250 0.3420 -0.0000 0.9979 -0.0000 0.0654
1620704999.440545 6.2540 0.0250 0.2924 -0.0000 0.9979 -0.0000 0.0654
1620704999.473878 6.2605 0.0250 0.2429 -0.0000 0.9979 -0.0000 0.0654
1620704999.507212 6.2671 0.0250 0.1933 -0.0000 0.9979 -0.0000 0.0654
1620704999.540545 6.2736 0.0250 0.1437 -0.0000 0.9979 -0.0000 0.0654
1620704999.573878 6.2801 0.0250 0.0941 -0.0000 0.9979 -0.0000 0.0654
1620704999.607212 6.2867 0.0250 0.0446 -0.0000 0.9979 -0.0000 0.0654
1620704999.640545 6.2932 0.0250 -0.0050 -0.0000 0.9979 -0.0000 0.0654
1620704999.673878 6.2997 0.0250 -0.0546 -0.0000 0.9979 -0.0000 0.0654
1620704999.707211 6.3062 0.0250 -0.1041 -0.0000 0.9979 -0.0000 0.0654
1620704999.740545 6.3128 0.0250 -0.1537 -0.0000 0.9979 -0.0000 0.0654
1620704999.773878 6.3135 0.0250 -0.1602 -0.0000 0.9986 -0.0000 0.0523
1620704999.807211 6.3141 0.0250 -0.1667 -0.0000 0.9992 -0.0000 0.0393
1620704999.840545 6.3146 0.0250 -0.1733 -0.0000 0.9997 -0.0000 0.0262
1620704999.873878 6.3148 0.0250 -0.1798 -0.0000 0.9999 -0.0000 0.0131
1620704999.907211 6.3149 0.0250 -0.1863 -0.0000 1.0000 -0.0000 -0.0000
1620704999.940545 6.3148 0.0250 -0.1929 -0.0000 0.9999 -0.0000 -0.0131
1620704999.973878 6.3146 0.0250 -0.1994 -0.0000 0.9997 -0.0000 -0.0262
1620705000.007211 6.3141 0.0250 -0.2060 -0.0000 0.9992 -0.0000 -0.0393
1620705000.040545 6.3135 0.0250 -0.2125 -0.0000 0.9986 -0.0000 -0.0523
1620705000.073878 6.3128 0.0250 -0.2190 -0.0000 0.9979 -0.0000 -0.0654
1620705000.107211 6.3118 0.0250 -0.2255 -0.0000 0.9969 -0.0000 -0.0785
1620705000.140544 6.3107 0.0250 -0.2319 -0.0000 0.9958 -0.0000 -0.0915
1620705000.173878 6.3094 0.0250 -0.2383 -0.0000 0.9945 -0.0000 -0.1045
1620705000.207211 6.3080 0.0250 -0.2447 -0.0000 0.9931 -0.0000 -0.1175
1620705000.240544 6.3064 0.0250 -0.2511 -0.0000 0.9914 -0.0000 -0.1305
1620705000.273878 6.3046 0.0250 -0.2574 -0.0000 0.9897 -0.0000 -0.1435
1620705000.307211 6.3027 0.0250 -0.2636 -0.0000 0.9877 -0.0000 -0.1564
1620705000.340544 6.3006 0.0250 -0.2698 -0.0000 0.9856 -0.0000 -0.1693
1620705000.373878 6.2983 0.0250 -0.2759 -0.0000 0.9833 -0.0000 -0.1822
1620705000.407211 6.2959 0.0250 -0.2820 -0.0000 0.9808 -0.0000 -0.1951
1620705000.440544 6.2933 0.0250 -0.2880 -0.0000 0.9781 -0.0000 -0.2079
1620705000.473877 6.2905 0.0250 -0.2940 -0.0000 0.9753 -0.0000 -0.2207
1620705000.507211 6.2876 0.0250 -0.2998 -0.0000 0.9724 -0.0000 -0.2334
1620705000.540544 6.2649 0.0250 -0.3444 -0.0000 0.9724 -0.0000 -0.2334
1620705000.573877 6.2422 0.0250 -0.3889 -0.0000 0.9724 -0.0000 -0.2334
1620705000.607211 6.2196 0.0250 -0.4335 -0.0000 0.9724 -0.0000 -0.2334
1620705000.640544 6.1969 0.0250 -0.4780 -0.0000 0.9724 -0.0000 -0.2334
1620705000.673877 6.1742 0.0250 -0.5226 -0.0000 0.9724 -0.0000 -0.2334
1620705000.707211 6.1515 0.0250 -0.5671 -0.0000 0.9724 -0.0000 -0.2334
1620705000.740544 6.1484 0.0250 -0.5729 -0.0000 0.9692 -0.0000 -0.2462
1620705000.773877 6.1452 0.0250 -0.5786 -0.0000 0.9659 -0.0000 -0.2588
1620705000.807210 6.1419 0.0250 -0.5843 -0.0000 0.9625 -0.0000 -0.2714
1620705000.840544 6.1384 0.0250 -0.5898 -0.0000 0.9588 -0.0000 -0.2840
1620705000.873877 6.1347 0.0250 -0.5953 -0.0000 0.9550 -0.0000 -0.2965
1620705000.907210 6.1310 0.0250 -0.6006 -0.0000 0.9511 -0.0000 -0.3090
1620705000.940544 6.1270 0.0250 -0.6058 -0.0000 0.9469 -0.0000 -0.3214
1620705000.973877 6.1230 0.0250 -0.6110 -0.0000 0.9426 -0.0000 -0.3338
1620705001.007210 6.1188 0.0250 -0.6160 -0.0000 0.9382 -0.0000 -0.3461
1620705001.040544 6.1145 0.0250 -0.6209 -0.0000 0.9336 -0.0000 -0.3584
1620705001.073877 6.0810 0.0250 -0.6581 -0.0000 0.9336 -0.0000 -0.3584
1620705001.107210 6.0476 0.0250 -0.6952 -0.0000 0.9336 -0.0000 -0.3584
1620705001.140543 6.0141 0.0250 -0.7324 -0.0000 0.9336 -0.0000 -0.3584
1620705001.173877 5.9807 0.0250 -0.7696 -0.0000 0.9336 -0.0000 -0.3584
1620705001.207210 5.9472 0.0250 -0.8067 -0.0000 0.9336 -0.0000 -0.3584
1620705001.240543 5.9428 0.0250 -0.8115 -0.0000 0.9288 -0.0000 -0.3706
1620705001.273877 5.9382 0.0250 -0.8162 -0.0000 0.9239 -0.0000 -0.3827
1620705001.307210 5.9335 0.0250 -0.8208 -0.0000 0.9188 -0.0000 -0.3947
1620705001.340543 5.9287 0.0250 -0.8252 -0.0000 0.9135 -0.0000 -0.4067
1620705001.373877 5.9238 0.0250 -0.8295 -0.0000 0.9081 -0.0000 -0.4187
1620705001.407210 5.9187 0.0250 -0.8337 -0.0000 0.9026 -0.0000 -0.4305
1620705001.440543 5.9136 0.0250 -0.8378 -0.0000 0.8969 -0.0000 -0.4423
1620705001.473876 5.9084 0.0250 -0.8417 -0.0000 0.8910 -0.0000 -0.4540
1620705001.507210 5.9030 0.0250 -0.8455 -0.0000 0.8850 -0.0000 -0.4656
1620705001.540543 5.8976 0.0250 -0.8491 -0.0000 0.8788 -0.0000 -0.4772
1620705001.573876 5.8556 0.0250 -0.8763 -0.0000 0.8788 -0.0000 -0.4772
1620705001.607210 5.8137 0.0250 -0.9036 -0.0000 0.8788 -0.0000 -0.4772
1620705001.640543 5.7718 0.0250 -0.9308 -0.0000 0.8788 -0.0000 -0.4772
1620705001.673876 5.7298 0.0250 -0.9580 -0.0000 0.8788 -0.0000 -0.4772
1620705001.707210 5.6879 0.0250 -0.9853 -0.0000 0.8788 -0.0000 -0.4772
1620705001.740543 5.6824 0.0250 -0.9888 -0.0000 0.8725 -0.0000 -0.4886
1620705001.773876 5.6768 0.0250 -0.9921 -0.0000 0.8660 -0.0000 -0.5000
1620705001.807209 5.6710 0.0250 -0.9953 -0.0000 0.8594 -0.0000 -0.5113
1620705001.840543 5.6652 0.0250 -0.9983 -0.0000 0.8526 -0.0000 -0.5225
1620705001.873876 5.6594 0.0250 -1.0012 -0.0000 0.8457 -0.0000 -0.5336
1620705001.907209 5.6534 0.0250 -1.0040 -0.0000 0.8387 -0.0000 -0.5446
1620705001.940543 5.6474 0.0250 -1.0066 -0.0000 0.8315 -0.0000 -0.5556
1620705001.973876 5.6413 0.0250 -1.0090 -0.0000 0.8241 -0.0000 -0.5664
1620705002.007209 5.6352 0.0250 -1.0113 -0.0000 0.8166 -0.0000 -0.5771
1620705002.040543 5.6290 0.0250 -1.0134 -0.0000 0.8090 -0.0000 -0.5878
1620705002.073876 5.6228 0.0250 -1.0153 -0.0000 0.8013 -0.0000 -0.5983
1620705002.107209 5.6165 0.0250 -1.0171 -0.0000 0.7934 -0.0000 -0.6088
1620705002.140543 5.6101 0.0250 -1.0187 -0.0000 0.7853 -0.0000 -0.6191
1620705002.173876 5.6037 0.0250 -1.0201 -0.0000 0.7771 -0.0000 -0.6293
1620705002.207209 5.5973 0.0250 -1.0214 -0.0000 0.7688 -0.0000 -0.6394
1620705002.240542 5.5481 0.0250 -1.0305 -0.0000 0.7688 -0.0000 -0.6394
1620705002.273876 5.5026 0.0250 -1.0400 -0.0000 0.7688 -0.0000 -0.6394
1620705002.307209 5.5010 0.0250 -1.0544 -0.0000 0.7688 -0.0000 -0.6394
1620705002.340542 5.4946 0.0250 -1.0555 -0.0000 0.7604 -0.0000 -0.6494
1620705002.373876 5.4881 0.0250 -1.0565 -0.0000 0.7518 -0.0000 -0.6593
1620705002.407209 5.4816 0.0250 -1.0572 -0.0000 0.7431 -0.0000 -0.6691
1620705002.440542 5.4751 0.0250 -1.0578 -0.0000 0.7343 -0.0000 -0.6788
1620705002.473876 5.4740 0.0250 -1.0672 -0.0000 0.7343 -0.0000 -0.6788
1620705002.507209 5.4730 0.0250 -1.0765 -0.0000 0.7343 -0.0000 -0.6788
1620705002.540542 5.4720 0.0250 -1.0859 -0.0000 0.7343 -0.0000 -0.6788
1620705002.573875 5.4709 0.0250 -1.0952 -0.0000 0.7343 -0.0000 -0.6788
1620705002.607209 5.4699 0.0250 -1.1046 -0.0000 0.7343 -0.0000 -0.6788
1620705002.640542 5.4688 0.0250 -1.1139 -0.0000 0.7343 -0.0000 -0.6788
1620705002.673875 5.4678 0.0250 -1.1233 -0.0000 0.7343 -0.0000 -0.6788
1620705002.707209 5.4668 0.0250 -1.1326 -0.0000 0.7343 -0.0000 -0.6788
1620705002.740542 5.4657 0.0250 -1.1420 -0.0000 0.7343 -0.0000 -0.6788
1620705002.773875 5.4647 0.0250 -1.1513 -0.0000 0.7343 -0.0000 -0.6788
1620705002.807209 5.4637 0.0250 -1.1607 -0.0000 0.7343 -0.0000 -0.6788
1620705002.840542 5.4626 0.0250 -1.1700 -0.0000 0.7343 -0.0000 -0.6788
1620705002.873875 5.4616 0.0250 -1.1793 -0.0000 0.7343 -0.0000 -0.6788
1620705002.907208 5.4605 0.0250 -1.1887 -0.0000 0.7343 -0.0000 -0.6788
1620705002.940542 5.4107 0.0250 -1.1997 -0.0000 0.7343 -0.0000 -0.6788
1620705002.973875 5.3608 0.0250 -1.2037 -0.0000 0.7343 -0.0000 -0.6788
1620705003.007208 5.3110 0.0250 -1.2076 -0.0000 0.7343 -0.0000 -0.6788
1620705003.040542 5.2612 0.0250 -1.2115 -0.0000 0.7343 -0.0000 -0.6788
1620705003.073875 5.2113 0.0250 -1.2154 -0.0000 0.7343 -0.0000 -0.6788
1620705003.107208 5.1615 0.0250 -1.2194 -0.0000 0.7343 -0.0000 -0.6788
1620705003.140542 5.1116 0.0250 -1.2233 -0.0000 0.7343 -0.0000 -0.6788
1620705003.173875 5.0618 0.0250 -1.2272 -0.0000 0.7343 -0.0000 -0.6788
1620705003.207208 5.0119 0.0250 -1.2311 -0.0000 0.7343 -0.0000 -0.6788
1620705003.240541 4.9621 0.0250 -1.2351 -0.0000 0.7343 -0.0000 -0.6788
1620705003.273875 4.9122 0.0250 -1.2390 -0.0000 0.7343 -0.0000 -0.6788
1620705003.307208 4.8624 0.0250 -1.2429 -0.0000 0.7343 -0.0000 -0.6788
1620705003.340541 4.8125 0.0250 -1.2468 -0.0000 0.7343 -0.0000 -0.6788
1620705003.373875 4.7627 0.0250 -1.2507 -0.0000 0.7343 -0.0000 -0.6788
1620705003.407208 4.7129 0.0250 -1.2547 -0.0000 0.7343 -0.0000 -0.6788
1620705003.440541 4.6630 0.0250 -1.2586 -0.0000 0.7343 -0.0000 -0.6788
1620705003.473875 4.6132 0.0250 -1.2625 -0.0000 0.7343 -0.0000 -0.6788
1620705003.507208 4.5633 0.0250 -1.2664 -0.0000 0.7343 -0.0000 -0.6788
1620705003.540541 4.5135 0.0250 -1.2704 -0.0000 0.7343 -0.0000 -0.6788
1620705003.573874 4.4636 0.0250 -1.2743 -0.0000 0.7343 -0.0000 -0.6788
1620705003.607208 4.4138 0.0250 -1.2782 -0.0000 0.7343 -0.0000 -0.6788
1620705003.640541 4.3639 0.0250 -1.2821 -0.0000 0.7343 -0.0000 -0.6788
1620705003.673874 4.3141 0.0250 -1.2861 -0.0000 0.7343 -0.0000 -0.6788
1620705003.707208 4.2642 0.0250 -1.2900 -0.0000 0.7343 -0.0000 -0.6788
1620705003.740541 4.2144 0.0250 -1.2939 -0.0000 0.7343 -0.0000 -0.6788
1620705003.773874 4.1645 0.0250 -1.2978 -0.0000 0.7343 -0.0000 -0.6788
1620705003.807208 4.1147 0.0250 -1.3017 -0.0000 0.7343 -0.0000 -0.6788
1620705003.840541 4.0649 0.0250 -1.3057 -0.0000 0.7343 -0.0000 -0.6788
1620705003.873874 4.0150 0.0250 -1.3096 -0.0000 0.7343 -0.0000 -0.6788
1620705003.907207 3.9652 0.0250 -1.3135 -0.0000 0.7343 -0.0000 -0.6788
1620705003.940541 3.9153 0.0250 -1.3174 -0.0000 0.7343 -0.0000 -0.6788
1620705003.973874 3.8655 0.0250 -1.3214 -0.0000 0.7343 -0.0000 -0.6788
1620705004.007207 3.8156 0.0250 -1.3253 -0.0000 0.7343 -0.0000 -0.6788
1620705004.040541 3.7658 0.0250 -1.3292 -0.0000 0.7343 -0.0000 -0.6788
1620705004.073874 3.7159 0.0250 -1.3331 -0.0000 0.7343 -0.0000 -0.6788
1620705004.107207 3.6661 0.0250 -1.3371 -0.0000 0.7343 -0.0000 -0.6788
1620705004.140541 3.6162 0.0250 -1.3410 -0.0000 0.7343 -0.0000 -0.6788
1620705004.173874 3.5664 0.0250 -1.3449 -0.0000 0.7343 -0.0000 -0.6788
1620705004.207207 3.5166 0.0250 -1.3488 -0.0000 0.7343 -0.0000 -0.6788
1620705004.240541 3.4667 0.0250 -1.3527 -0.0000 0.7343 -0.0000 -0.6788
1620705004.273874 3.4169 0.0250 -1.3567 -0.0000 0.7343 -0.0000 -0.6788
1620705004.307207 3.3670 0.0250 -1.3606 -0.0000 0.7343 -0.0000 -0.6788
1620705004.340540 3.3172 0.0250 -1.3645 -0.0000 0.7343 -0.0000 -0.6788
1620705004.373874 3.2673 0.0250 -1.3684 -0.0000 0.7343 -0.0000 -0.6788
1620705004.407207 3.2175 0.0250 -1.3724 -0.0000 0.7343 -0.0000 -0.6788
1620705004.440540 3.1676 0.0250 -1.3763 -0.0000 0.7343 -0.0000 -0.6788
1620705004.473874 3.1178 0.0250 -1.3802 -0.0000 0.7343 -0.0000 -0.6788
1620705004.507207 3.0679 0.0250 -1.3841 -0.0000 0.7343 -0.0000 -0.6788
1620705004.540540 3.0181 0.0250 -1.3881 -0.0000 0.7343 -0.0000 -0.6788
1620705004.573874 2.9682 0.0250 -1.3920 -0.0000 0.7343 -0.0000 -0.6788
1620705004.607207 2.9184 0.0250 -1.3959 -0.0000 0.7343 -0.0000 -0.6788
1620705004.640540 2.8686 0.0250 -1.3998 -0.0000 0.7343 -0.0000 -0.6788
1620705004.673873 2.8187 0.0250 -1.4037 -0.0000 0.7343 -0.0000 -0.6788
1620705004.707207 2.7689 0.0250 -1.4077 -0.0000 0.7343 -0.0000 -0.6788
1620705004.740540 2.7190 0.0250 -1.4116 -0.0000 0.7343 -0.0000 -0.6788
1620705004.773873 2.6692 0.0250 -1.4155 -0.0000 0.7343 -0.0000 -0.6788
1620705004.807207 2.6193 0.0250 -1.4194 -0.0000 0.7343 -0.0000 -0.6788
1620705004.840540 2.5695 0.0250 -1.4234 -0.0000 0.7343 -0.0000 -0.6788
1620705004.873873 2.5196 0.0250 -1.4273 -0.0000 0.7343 -0.0000 -0.6788
1620705004.907207 2.4698 0.0250 -1.4312 -0.0000 0.7343 -0.0000 -0.6788
1620705004.940540 2.4199 0.0250 -1.4351 -0.0000 0.7343 -0.0000 -0.6788
1620705004.973873 2.3701 0.0250 -1.4390 -0.0000 0.7343 -0.0000 -0.6788
1620705005.007206 2.3202 0.0250 -1.4430 -0.0000 0.7343 -0.0000 -0.6788
1620705005.040540 2.2704 0.0250 -1.4469 -0.0000 0.7343 -0.0000 -0.6788
1620705005.073873 2.2206 0.0250 -1.4508 -0.0000 0.7343 -0.0000 -0.6788
1620705005.107206 2.1707 0.0250 -1.4547 -0.0000 0.7343 -0.0000 -0.6788
1620705005.140540 2.1209 0.0250 -1.4587 -0.0000 0.7343 -0.0000 -0.6788
1620705005.173873 2.0710 0.0250 -1.4626 -0.0000 0.7343 -0.0000 -0.6788
1620705005.207206 2.0212 0.0250 -1.4665 -0.0000 0.7343 -0.0000 -0.6788
1620705005.240540 1.9713 0.0250 -1.4704 -0.0000 0.7343 -0.0000 -0.6788
1620705005.273873 1.9215 0.0250 -1.4744 -0.0000 0.7343 -0.0000 -0.6788
1620705005.307206 1.8716 0.0250 -1.4783 -0.0000 0.7343 -0.0000 -0.6788
1620705005.340539 1.8218 0.0250 -1.4822 -0.0000 0.7343 -0.0000 -0.6788
1620705005.373873 1.7719 0.0250 -1.4861 -0.0000 0.7343 -0.0000 -0.6788
1620705005.407206 1.7221 0.0250 -1.4900 -0.0000 0.7343 -0.0000 -0.6788
1620705005.440539 1.6723 0.0250 -1.4940 -0.0000 0.7343 -0.0000 -0.6788
1620705005.473873 1.6224 0.0250 -1.4979 -0.0000 0.7343 -0.0000 -0.6788
1620705005.507206 1.5726 0.0250 -1.5018 -0.0000 0.7343 -0.0000 -0.6788
1620705005.540539 1.5227 0.0250 -1.5057 -0.0000 0.7343 -0.0000 -0.6788
1620705005.573873 1.4729 0.0250 -1.5097 -0.0000 0.7343 -0.0000 -0.6788
1620705005.607206 1.4230 0.0250 -1.5136 -0.0000 0.7343 -0.0000 -0.6788
1620705005.640539 1.3732 0.0250 -1.5175 -0.0000 0.7343 -0.0000 -0.6788
1620705005.673872 1.3233 0.0250 -1.5214 -0.0000 0.7343 -0.0000 -0.6788
1620705005.707206 1.2735 0.0250 -1.5254 -0.0000 0.7343 -0.0000 -0.6788
1620705005.740539 1.2236 0.0250 -1.5293 -0.0000 0.7343 -0.0000 -0.6788
1620705005.773872 1.1738 0.0250 -1.5332 -0.0000 0.7343 -0.0000 -0.6788
1620705005.807206 1.1240 0.0250 -1.5371 -0.0000 0.7343 -0.0000 -0.6788
1620705005.840539 1.0741 0.0250 -1.5410 -0.0000 0.7343 -0.0000 -0.6788
1620705005.873872 1.0243 0.0250 -1.5450 -0.0000 0.7343 -0.0000 -0.6788
1620705005.907206 0.9744 0.0250 -1.5489 -0.0000 0.7343 -0.0000 -0.6788
1620705005.940539 0.9246 0.0250 -1.5528 -0.0000 0.7343 -0.0000 -0.6788
1620705005.973872 0.8747 0.0250 -1.5567 -0.0000 0.7343 -0.0000 -0.6788
1620705006.007205 0.8249 0.0250 -1.5607 -0.0000 0.7343 -0.0000 -0.6788
1620705006.040539 0.7750 0.0250 -1.5646 -0.0000 0.7343 -0.0000 -0.6788
1620705006.073872 0.7252 0.0250 -1.5685 -0.0000 0.7343 -0.0000 -0.6788
1620705006.107205 0.6753 0.0250 -1.5724 -0.0000 0.7343 -0.0000 -0.6788
1620705006.140539 0.6819 0.0250 -1.5718 -0.0000 0.7431 -0.0000 -0.6691
1620705006.173872 0.6884 0.0250 -1.5711 -0.0000 0.7518 -0.0000 -0.6593
1620705006.207205 0.6948 0.0250 -1.5701 -0.0000 0.7604 -0.0000 -0.6494
1620705006.240539 0.7013 0.0250 -1.5690 -0.0000 0.7688 -0.0000 -0.6394
1620705006.273872 0.7077 0.0250 -1.5677 -0.0000 0.7771 -0.0000 -0.6293
1620705006.307205 0.7141 0.0250 -1.5663 -0.0000 0.7853 -0.0000 -0.6191
1620705006.340539 0.7204 0.0250 -1.5647 -0.0000 0.7934 -0.0000 -0.6088
1620705006.373872 0.7267 0.0250 -1.5629 -0.0000 0.8013 -0.0000 -0.5983
1620705006.407205 0.7330 0.0250 -1.5610 -0.0000 0.8090 -0.0000 -0.5878
1620705006.440538 0.7392 0.0250 -1.5589 -0.0000 0.8166 -0.0000 -0.5771
1620705006.473872 0.7453 0.0250 -1.5566 -0.0000 0.8241 -0.0000 -0.5664
1620705006.507205 0.7514 0.0250 -1.5542 -0.0000 0.8315 -0.0000 -0.5556
1620705006.540538 0.7574 0.0250 -1.5516 -0.0000 0.8387 -0.0000 -0.5446
1620705006.573872 0.7634 0.0250 -1.5488 -0.0000 0.8457 -0.0000 -0.5336
1620705006.607205 0.7692 0.0250 -1.5460 -0.0000 0.8526 -0.0000 -0.5225
1620705006.640538 0.7750 0.0250 -1.5429 -0.0000 0.8594 -0.0000 -0.5113
1620705006.673872 0.7311 0.0250 -1.5668 -0.0000 0.8594 -0.0000 -0.5113
1620705006.707205 0.6871 0.0250 -1.5906 -0.0000 0.8594 -0.0000 -0.5113
1620705006.740538 0.6432 0.0250 -1.6145 -0.0000 0.8594 -0.0000 -0.5113
1620705006.773871 0.5992 0.0250 -1.6383 -0.0000 0.8594 -0.0000 -0.5113
1620705006.807205 0.5553 0.0250 -1.6622 -0.0000 0.8594 -0.0000 -0.5113
1620705006.840538 0.5114 0.0250 -1.6861 -0.0000 0.8594 -0.0000 -0.5113
1620705006.873871 0.4674 0.0250 -1.7099 -0.0000 0.8594 -0.0000 -0.5113
1620705006.907205 0.4235 0.0250 -1.7338 -0.0000 0.8594 -0.0000 -0.5113
1620705006.940538 0.3795 0.0250 -1.7576 -0.0000 0.8594 -0.0000 -0.5113
1620705006.973871 0.3356 0.0250 -1.7815 -0.0000 0.8594 -0.0000 -0.5113
1620705007.007205 0.2917 0.0250 -1.8053 -0.0000 0.8594 -0.0000 -0.5113
1620705007.040538 0.2974 0.0250 -1.8021 -0.0000 0.8660 -0.0000 -0.5000
1620705007.073871 0.3030 0.0250 -1.7988 -0.0000 0.8725 -0.0000 -0.4886
1620705007.107204 0.3085 0.0250 -1.7953 -0.0000 0.8788 -0.0000 -0.4772
1620705007.140538 0.3140 0.0250 -1.7917 -0.0000 0.8850 -0.0000 -0.4656
1620705007.173871 0.3193 0.0250 -1.7879 -0.0000 0.8910 -0.0000 -0.4540
1620705007.207204 0.3246 0.0250 -1.7840 -0.0000 0.8969 -0.0000 -0.4423
1620705007.240538 0.3297 0.0250 -1.7799 -0.0000 0.9026 -0.0000 -0.4305
1620705007.273871 0.3347 0.0250 -1.7757 -0.0000 0.9081 -0.0000 -0.4187
1620705007.307204 0.3397 0.0250 -1.7714 -0.0000 0.9135 -0.0000 -0.4067
1620705007.340538 0.3445 0.0250 -1.7670 -0.0000 0.9188 -0.0000 -0.3947
1620705007.373871 0.3491 0.0250 -1.7624 -0.0000 0.9239 -0.0000 -0.3827
1620705007.407204 0.3537 0.0250 -1.7577 -0.0000 0.9288 -0.0000 -0.3706
1620705007.440537 0.3582 0.0250 -1.7529 -0.0000 0.9336 -0.0000 -0.3584
1620705007.473871 0.3625 0.0250 -1.7480 -0.0000 0.9382 -0.0000 -0.3461
1620705007.507204 0.3667 0.0250 -1.7430 -0.0000 0.9426 -0.0000 -0.3338
1620705007.540537 0.3707 0.0250 -1.7378 -0.0000 0.9469 -0.0000 -0.3214
1620705007.573871 0.3746 0.0250 -1.7326 -0.0000 0.9511 -0.0000 -0.3090
1620705007.607204 0.3784 0.0250 -1.7272 -0.0000 0.9550 -0.0000 -0.2965
1620705007.640537 0.3820 0.0250 -1.7218 -0.0000 0.9588 -0.0000 -0.2840
1620705007.673871 0.3855 0.0250 -1.7163 -0.0000 0.9625 -0.0000 -0.2714
1620705007.707204 0.3889 0.0250 -1.7106 -0.0000 0.9659 -0.0000 -0.2588
1620705007.740537 0.3921 0.0250 -1.7049 -0.0000 0.9692 -0.0000 -0.2462
1620705007.773870 0.3951 0.0250 -1.6991 -0.0000 0.9724 -0.0000 -0.2334
1620705007.807204 0.3980 0.0250 -1.6933 -0.0000 0.9753 -0.0000 -0.2207
1620705007.840537 0.4008 0.0250 -1.6873 -0.0000 0.9781 -0.0000 -0.2079
1620705007.873870 0.4033 0.0250 -1.6813 -0.0000 0.9808 -0.0000 -0.1951
1620705007.907204 0.3842 0.0250 -1.7275 -0.0000 0.9808 -0.0000 -0.1951
1620705007.940537 0.3651 0.0250 -1.7737 -0.0000 0.9808 -0.0000 -0.1951
1620705007.973870 0.3459 0.0250 -1.8199 -0.0000 0.9808 -0.0000 -0.1951
1620705008.007204 0.3268 0.0250 -1.8661 -0.0000 0.9808 -0.0000 -0.1951
1620705008.040537 0.3077 0.0250 -1.9123 -0.0000 0.9808 -0.0000 -0.1951
1620705008.073870 0.2885 0.0250 -1.9585 -0.0000 0.9808 -0.0000 -0.1951
1620705008.107203 0.2694 0.0250 -2.0047 -0.0000 0.9808 -0.0000 -0.1951
1620705008.140537 0.2503 0.0250 -2.0509 -0.0000 0.9808 -0.0000 -0.1951
1620705008.173870 0.2527 0.0250 -2.0448 -0.0000 0.9833 -0.0000 -0.1822
1620705008.207203 0.2550 0.0250 -2.0386 -0.0000 0.9856 -0.0000 -0.1694
1620705008.240537 0.2571 0.0250 -2.0324 -0.0000 0.9877 -0.0000 -0.1564
1620705008.273870 0.2590 0.0250 -2.0262 -0.0000 0.9897 -0.0000 -0.1435
1620705008.307203 0.2608 0.0250 -2.0199 -0.0000 0.9914 -0.0000 -0.1305
1620705008.340537 0.2624 0.0250 -2.0136 -0.0000 0.9931 -0.0000 -0.1175
1620705008.373870 0.2507 0.0250 -2.0622 -0.0000 0.9931 -0.0000 -0.1175
1620705008.407203 0.2390 0.0250 -2.1108 -0.0000 0.9931 -0.0000 -0.1175
1620705008.440536 0.2274 0.0250 -2.1594 -0.0000 0.9931 -0.0000 -0.1175
1620705008.473870 0.2157 0.0250 -2.2080 -0.0000 0.9931 -0.0000 -0.1175
1620705008.507203 0.2040 0.0250 -2.2566 -0.0000 0.9931 -0.0000 -0.1175
1620705008.540536 0.2055 0.0250 -2.2503 -0.0000 0.9945 -0.0000 -0.1045
1620705008.573870 0.2068 0.0250 -2.2438 -0.0000 0.9958 -0.0000 -0.0915
1620705008.607203 0.2079 0.0250 -2.2374 -0.0000 0.9969 -0.0000 -0.0785
1620705008.640536 0.2088 0.0250 -2.2309 -0.0000 0.9979 -0.0000 -0.0654
1620705008.673870 0.2096 0.0250 -2.2244 -0.0000 0.9986 -0.0000 -0.0523
1620705008.707203 0.2102 0.0250 -2.2179 -0.0000 0.9992 -0.0000 -0.0393
1620705008.740536 0.2106 0.0250 -2.2114 -0.0000 0.9997 -0.0000 -0.0262
1620705008.773870 0.2109 0.0250 -2.2048 -0.0000 0.9999 -0.0000 -0.0131
1620705008.807203 0.2095 0.0250 -2.2548 -0.0000 0.9999 -0.0000 -0.0131
1620705008.840536 0.2082 0.0250 -2.3048 -0.0000 0.9999 -0.0000 -0.0131
1620705008.873869 0.2069 0.0250 -2.3548 -0.0000 0.9999 -0.0000 -0.0131
1620705008.907203 0.2056 0.0250 -2.4048 -0.0000 0.9999 -0.0000 -0.0131
1620705008.940536 0.2043 0.0250 -2.4547 -0.0000 0.9999 -0.0000 -0.0131
1620705008.973869 0.2030 0.0250 -2.5047 -0.0000 0.9999 -0.0000 -0.0131
1620705009.007203 0.2031 0.0250 -2.4982 -0.0000 1.0000 -0.0000 -0.0000
1620705009.040536 0.2030 0.0250 -2.4916 -0.0000 0.9999 -0.0000 0.0131
1620705009.073869 0.2027 0.0250 -2.4851 -0.0000 0.9997 -0.0000 0.0262
1620705009.107203 0.2023 0.0250 -2.4786 -0.0000 0.9992 -0.0000 0.0393
1620705009.140536 0.2017 0.0250 -2.4720 -0.0000 0.9986 -0.0000 0.0523
1620705009.173869 0.2009 0.0250 -2.4655 -0.0000 0.9979 -0.0000 0.0654
1620705009.207202 0.2000 0.0250 -2.4591 -0.0000 0.9969 -0.0000 0.0785
1620705009.240536 0.1989 0.0250 -2.4526 -0.0000 0.9958 -0.0000 0.0915
1620705009.273869 0.1976 0.0250 -2.4462 -0.0000 0.9945 -0.0000 0.1045
1620705009.307202 0.1962 0.0250 -2.4398 -0.0000 0.9931 -0.0000 0.1175
1620705009.340536 0.1946 0.0250 -2.4335 -0.0000 0.9914 -0.0000 0.1305
1620705009.373869 0.1928 0.0250 -2.4272 -0.0000 0.9897 -0.0000 0.1435
1620705009.407202 0.1908 0.0250 -2.4209 -0.0000 0.9877 -0.0000 0.1564
1620705009.440536 0.1887 0.0250 -2.4147 -0.0000 0.9856 -0.0000 0.1693
1620705009.473869 0.1865 0.0250 -2.4086 -0.0000 0.9833 -0.0000 0.1822
1620705009.507202 0.1841 0.0250 -2.4025 -0.0000 0.9808 -0.0000 0.1951
1620705009.540535 0.1815 0.0250 -2.3965 -0.0000 0.9781 -0.0000 0.2079
1620705009.573869 0.1787 0.0250 -2.3906 -0.0000 0.9753 -0.0000 0.2207
1620705009.607202 0.1758 0.0250 -2.3847 -0.0000 0.9724 -0.0000 0.2334
1620705009.640535 0.1728 0.0250 -2.3789 -0.0000 0.9692 -0.0000 0.2462
1620705009.673869 0.1696 0.0250 -2.3732 -0.0000 0.9659 -0.0000 0.2588
1620705009.707202 0.1662 0.0250 -2.3676 -0.0000 0.9625 -0.0000 0.2714
1620705009.740535 0.1628 0.0250 -2.3620 -0.0000 0.9588 -0.0000 0.2840
1620705009.773869 0.1591 0.0250 -2.3566 -0.0000 0.9550 -0.0000 0.2965
1620705009.807202 0.1553 0.0250 -2.3512 -0.0000 0.9511 -0.0000 0.3090
1620705009.840535 0.1514 0.0250 -2.3460 -0.0000 0.9469 -0.0000 0.3214
1620705009.873868 0.1819 0.0250 -2.3857 -0.0000 0.9469 -0.0000 0.3214
1620705009.907202 0.2123 0.0250 -2.4253 -0.0000 0.9469 -0.0000 0.3214
1620705009.940535 0.2427 0.0250 -2.4650 -0.0000 0.9469 -0.0000 0.3214
1620705009.973868 0.2732 0.0250 -2.5047 -0.0000 0.9469 -0.0000 0.3214
1620705010.007202 0.2691 0.0250 -2.4995 -0.0000 0.9426 -0.0000 0.3338
1620705010.040535 0.2649 0.0250 -2.4945 -0.0000 0.9382 -0.0000 0.3461
1620705010.073868 0.2606 0.0250 -2.4896 -0.0000 0.9336 -0.0000 0.3584
1620705010.107202 0.2562 0.0250 -2.4848 -0.0000 0.9288 -0.0000 0.3706
1620705010.140535 0.2516 0.0250 -2.4801 -0.0000 0.9239 -0.0000 0.3827
1620705010.173868 0.2469 0.0250 -2.4755 -0.0000 0.9188 -0.0000 0.3947
1620705010.207201 0.2421 0.0250 -2.4711 -0.0000 0.9135 -0.0000 0.4067
1620705010.240535 0.2793 0.0250 -2.5045 -0.0000 0.9135 -0.0000 0.4067
1620705010.273868 0.3164 0.0250 -2.5380 -0.0000 0.9135 -0.0000 0.4067
1620705010.307201 0.3536 0.0250 -2.5714 -0.0000 0.9135 -0.0000 0.4067
1620705010.340535 0.3907 0.0250 -2.6049 -0.0000 0.9135 -0.0000 0.4067
1620705010.373868 0.4279 0.0250 -2.6383 -0.0000 0.9135 -0.0000 0.4067
1620705010.407201 0.4230 0.0250 -2.6340 -0.0000 0.9081 -0.0000 0.4187
1620705010.440535 0.4180 0.0250 -2.6298 -0.0000 0.9026 -0.0000 0.4305
1620705010.473868 0.4128 0.0250 -2.6258 -0.0000 0.8969 -0.0000 0.4423
1620705010.507201 0.4076 0.0250 -2.6219 -0.0000 0.8910 -0.0000 0.4540
1620705010.540534 0.4022 0.0250 -2.6181 -0.0000 0.8850 -0.0000 0.4656
1620705010.573868 0.3968 0.0250 -2.6145 -0.0000 0.8788 -0.0000 0.4772
1620705010.607201 0.4387 0.0250 -2.6417 -0.0000 0.8788 -0.0000 0.4772
1620705010.640534 0.4806 0.0250 -2.6689 -0.0000 0.8788 -0.0000 0.4772
1620705010.673868 0.5226 0.0250 -2.6962 -0.0000 0.8788 -0.0000 0.4772
1620705010.707201 0.5645 0.0250 -2.7234 -0.0000 0.8788 -0.0000 0.4772
1620705010.740534 0.6064 0.0250 -2.7506 -0.0000 0.8788 -0.0000 0.4772
1620705010.773868 0.6484 0.0250 -2.7779 -0.0000 0.8788 -0.0000 0.4772
1620705010.807201 0.6428 0.0250 -2.7744 -0.0000 0.8725 -0.0000 0.4886
1620705010.840534 0.6372 0.0250 -2.7710 -0.0000 0.8660 -0.0000 0.5000
1620705010.873868 0.6315 0.0250 -2.7678 -0.0000 0.8594 -0.0000 0.5113
1620705010.907201 0.6257 0.0250 -2.7648 -0.0000 0.8526 -0.0000 0.5225
1620705010.940534 0.6199 0.0250 -2.7619 -0.0000 0.8457 -0.0000 0.5336
1620705010.973867 0.6650 0.0250 -2.7834 -0.0000 0.8457 -0.0000 0.5336
1620705011.007201 0.7101 0.0250 -2.8049 -0.0000 0.8457 -0.0000 0.5336
1620705011.040534 0.7552 0.0250 -2.8265 -0.0000 0.8457 -0.0000 0.5336
1620705011.073867 0.8004 0.0250 -2.8480 -0.0000 0.8457 -0.0000 0.5336
1620705011.107201 0.8455 0.0250 -2.8695 -0.0000 0.8457 -0.0000 0.5336
1620705011.140534 0.8396 0.0250 -2.8668 -0.0000 0.8387 -0.0000 0.5446
1620705011.173867 0.8335 0.0250 -2.8642 -0.0000 0.8315 -0.0000 0.5556
1620705011.207201 0.8275 0.0250 -2.8618 -0.0000 0.8241 -0.0000 0.5664
1620705011.240534 0.8213 0.0250 -2.8595 -0.0000 0.8166 -0.0000 0.5771
1620705011.273867 0.8151 0.0250 -2.8574 -0.0000 0.8090 -0.0000 0.5878
1620705011.307200 0.8089 0.0250 -2.8554 -0.0000 0.8013 -0.0000 0.5983
1620705011.340534 0.8568 0.0250 -2.8696 -0.0000 0.8013 -0.0000 0.5983
1620705011.373867 0.9048 0.0250 -2.8838 -0.0000 0.8013 -0.0000 0.5983
1620705011.407200 0.9527 0.0250 -2.8980 -0.0000 0.8013 -0.0000 0.5983
1620705011.440534 1.0006 0.0250 -2.9122 -0.0000 0.8013 -0.0000 0.5983
1620705011.473867 1.0486 0.0250 -2.9265 -0.0000 0.8013 -0.0000 0.5983
1620705011.507200 1.0965 0.0250 -2.9407 -0.0000 0.8013 -0.0000 0.5983
1620705011.540534 1.1445 0.0250 -2.9549 -0.0000 0.8013 -0.0000 0.5983
1620705011.573867 1.1924 0.0250 -2.9691 -0.0000 0.8013 -0.0000 0.5983
1620705011.607200 1.1861 0.0250 -2.9673 -0.0000 0.7934 -0.0000 0.6088
1620705011.640533 1.1798 0.0250 -2.9657 -0.0000 0.7853 -0.0000 0.6191
1620705011.673867 1.1734 0.0250 -2.9642 -0.0000 0.7771 -0.0000 0.6293
1620705011.707200 1.1670 0.0250 -2.9629 -0.0000 0.7688 -0.0000 0.6394
1620705011.740533 1.1605 0.0250 -2.9618 -0.0000 0.7604 -0.0000 0.6494
1620705011.773867 1.1540 0.0250 -2.9609 -0.0000 0.7518 -0.0000 0.6593
1620705011.807200 1.1475 0.0250 -2.9601 -0.0000 0.7431 -0.0000 0.6691
1620705011.840533 1.1410 0.0250 -2.9595 -0.0000 0.7343 -0.0000 0.6788
1620705011.873867 1.1345 0.0250 -2.9591 -0.0000 0.7254 -0.0000 0.6884
1620705011.907200 1.1844 0.0250 -2.9617 -0.0000 0.7254 -0.0000 0.6884
1620705011.940533 1.2343 0.0250 -2.9643 -0.0000 0.7254 -0.0000 0.6884
1620705011.973866 1.2843 0.0250 -2.9670 -0.0000 0.7254 -0.0000 0.6884
1620705012.007200 1.3342 0.0250 -2.9696 -0.0000 0.7254 -0.0000 0.6884
1620705012.040533 1.3277 0.0250 -2.9693 -0.0000 0.7163 -0.0000 0.6978
1620705012.073866 1.3211 0.0250 -2.9692 -0.0000 0.7071 -0.0000 0.7071
1620705012.107200 1.3146 0.0250 -2.9693 -0.0000 0.6978 -0.0000 0.7163
1620705012.140533 1.3646 0.0250 -2.9680 -0.0000 0.6978 -0.0000 0.7163
1620705012.173866 1.4145 0.0250 -2.9667 -0.0000 0.6978 -0.0000 0.7163
1620705012.207200 1.4645 0.0250 -2.9654 -0.0000 0.6978 -0.0000 0.7163
1620705012.240533 1.5145 0.0250 -2.9641 -0.0000 0.6978 -0.0000 0.7163
1620705012.273866 1.5645 0.0250 -2.9628 -0.0000 0.6978 -0.0000 0.7163
1620705012.307199 1.6145 0.0250 -2.9615 -0.0000 0.6978 -0.0000 0.7163
1620705012.340533 1.6645 0.0250 -2.9601 -0.0000 0.6978 -0.0000 0.7163
1620705012.373866 1.6579 0.0250 -2.9604 -0.0000 0.6884 -0.0000 0.7254
1620705012.407199 1.6514 0.0250 -2.9608 -0.0000 0.6788 -0.0000 0.7343
1620705012.440533 1.6449 0.0250 -2.9614 -0.0000 0.6691 -0.0000 0.7431
1620705012.473866 1.6946 0.0250 -2.9562 -0.0000 0.6691 -0.0000 0.7431
1620705012.507199 1.7443 0.0250 -2.9510 -0.0000 0.6691 -0.0000 0.7431
1620705012.540533 1.7941 0.0250 -2.9458 -0.0000 0.6691 -0.0000 0.7431
1620705012.573866 1.8438 0.0250 -2.9405 -0.0000 0.6691 -0.0000 0.7431
1620705012.607199 1.8935 0.0250 -2.9353 -0.0000 0.6691 -0.0000 0.7431
1620705012.640532 1.9432 0.0250 -2.9301 -0.0000 0.6691 -0.0000 0.7431
1620705012.673866 1.9930 0.0250 -2.9248 -0.0000 0.6691 -0.0000 0.7431
1620705012.707199 2.0427 0.0250 -2.9196 -0.0000 0.6691 -0.0000 0.7431
1620705012.740532 2.0924 0.0250 -2.9144 -0.0000 0.6691 -0.0000 0.7431
1620705012.773866 2.1421 0.0250 -2.9092 -0.0000 0.6691 -0.0000 0.7431
1620705012.807199 2.1919 0.0250 -2.9039 -0.0000 0.6691 -0.0000 0.7431
1620705012.840532 2.2416 0.0250 -2.8987 -0.0000 0.6691 -0.0000 0.7431
1620705012.873866 2.2913 0.0250 -2.8935 -0.0000 0.6691 -0.0000 0.7431
1620705012.907199 2.3410 0.0250 -2.8883 -0.0000 0.6691 -0.0000 0.7431
1620705012.940532 2.3908 0.0250 -2.8830 -0.0000 0.6691 -0.0000 0.7431
1620705012.973866 2.4405 0.0250 -2.8778 -0.0000 0.6691 -0.0000 0.7431
1620705013.007199 2.4902 0.0250 -2.8726 -0.0000 0.6691 -0.0000 0.7431
1620705013.040532 2.5399 0.0250 -2.8674 -0.0000 0.6691 -0.0000 0.7431
1620705013.073865 2.5897 0.0250 -2.8621 -0.0000 0.6691 -0.0000 0.7431
1620705013.107199 2.6394 0.0250 -2.8569 -0.0000 0.6691 -0.0000 0.7431
1620705013.140532 2.6891 0.0250 -2.8517 -0.0000 0.6691 -0.0000 0.7431
1620705013.173865 2.7388 0.0250 -2.8465 -0.0000 0.6691 -0.0000 0.7431
1620705013.207199 2.7886 0.0250 -2.8412 -0.0000 0.6691 -0.0000 0.7431
1620705013.240532 2.8383 0.0250 -2.8360 -0.0000 0.6691 -0.0000 0.7431
1620705013.273865 2.8880 0.0250 -2.8308 -0.0000 0.6691 -0.0000 0.7431
1620705013.307199 2.9377 0.0250 -2.8255 -0.0000 0.6691 -0.0000 0.7431
1620705013.340532 2.9830 0.0250 -2.7980 -0.0000 0.6691 -0.0000 0.7431
1620705013.373865 3.0318 0.0250 -2.7882 -0.0000 0.6691 -0.0000 0.7431
1620705013.407198 3.0806 0.0250 -2.7785 -0.0000 0.6691 -0.0000 0.7431
1620705013.440532 3.1295 0.0250 -2.7687 -0.0000 0.6691 -0.0000 0.7431
1620705013.473865 3.1783 0.0250 -2.7589 -0.0000 0.6691 -0.0000 0.7431
1620705013.507198 3.2280 0.0250 -2.7537 -0.0000 0.6691 -0.0000 0.7431
1620705013.540532 3.2777 0.0250 -2.7485 -0.0000 0.6691 -0.0000 0.7431
1620705013.573865 3.3275 0.0250 -2.7433 -0.0000 0.6691 -0.0000 0.7431
1620705013.607198 3.3340 0.0250 -2.7427 -0.0000 0.6788 -0.0000 0.7343
1620705013.640532 3.3405 0.0250 -2.7422 -0.0000 0.6884 -0.0000 0.7254
1620705013.673865 3.3904 0.0250 -2.7396 -0.0000 0.6884 -0.0000 0.7254
1620705013.707198 3.4404 0.0250 -2.7370 -0.0000 0.6884 -0.0000 0.7254
1620705013.740531 3.4903 0.0250 -2.7344 -0.0000 0.6884 -0.0000 0.7254
1620705013.773865 3.5402 0.0250 -2.7318 -0.0000 0.6884 -0.0000 0.7254
1620705013.807198 3.5468 0.0250 -2.7315 -0.0000 0.6978 -0.0000 0.7163
1620705013.840531 3.5533 0.0250 -2.7314 -0.0000 0.7071 -0.0000 0.7071
1620705013.873865 3.5599 0.0250 -2.7315 -0.0000 0.7163 -0.0000 0.6978
1620705013.907198 3.5664 0.0250 -2.7318 -0.0000 0.7254 -0.0000 0.6884
1620705013.940531 3.6163 0.0250 -2.7344 -0.0000 0.7254 -0.0000 0.6884
1620705013.973865 3.6663 0.0250 -2.7370 -0.0000 0.7254 -0.0000 0.6884
1620705014.007198 3.6728 0.0250 -2.7374 -0.0000 0.7343 -0.0000 0.6788
1620705014.040531 3.6793 0.0250 -2.7380 -0.0000 0.7431 -0.0000 0.6691
1620705014.073864 3.6858 0.0250 -2.7388 -0.0000 0.7518 -0.0000 0.6593
1620705014.107198 3.6923 0.0250 -2.7397 -0.0000 0.7604 -0.0000 0.6494
1620705014.140531 3.6987 0.0250 -2.7408 -0.0000 0.7688 -0.0000 0.6394
1620705014.173864 3.7052 0.0250 -2.7421 -0.0000 0.7771 -0.0000 0.6293
1620705014.207198 3.7115 0.0250 -2.7436 -0.0000 0.7853 -0.0000 0.6191
1620705014.240531 3.7179 0.0250 -2.7452 -0.0000 0.7934 -0.0000 0.6088
1620705014.273864 3.7242 0.0250 -2.7470 -0.0000 0.8013 -0.0000 0.5983
1620705014.307198 3.7304 0.0250 -2.7489 -0.0000 0.8090 -0.0000 0.5878
1620705014.340531 3.7366 0.0250 -2.7510 -0.0000 0.8166 -0.0000 0.5771
1620705014.373864 3.7428 0.0250 -2.7533 -0.0000 0.8241 -0.0000 0.5664
1620705014.407197 3.7489 0.0250 -2.7557 -0.0000 0.8315 -0.0000 0.5556
1620705014.440531 3.7549 0.0250 -2.7583 -0.0000 0.8387 -0.0000 0.5446
1620705014.473864 3.7608 0.0250 -2.7610 -0.0000 0.8457 -0.0000 0.5336
1620705014.507197 3.7667 0.0250 -2.7639 -0.0000 0.8526 -0.0000 0.5225
1620705014.540531 3.7725 0.0250 -2.7670 -0.0000 0.8594 -0.0000 0.5113
1620705014.573864 3.7782 0.0250 -2.7702 -0.0000 0.8660 -0.0000 0.5000
1620705014.607197 3.7838 0.0250 -2.7735 -0.0000 0.8725 -0.0000 0.4886
1620705014.640531 3.7893 0.0250 -2.7770 -0.0000 0.8788 -0.0000 0.4772
1620705014.673864 3.7948 0.0250 -2.7806 -0.0000 0.8850 -0.0000 0.4656
1620705014.707197 3.8001 0.0250 -2.7844 -0.0000 0.8910 -0.0000 0.4540
1620705014.740530 3.8054 0.0250 -2.7883 -0.0000 0.8969 -0.0000 0.4423
1620705014.773864 3.8105 0.0250 -2.7924 -0.0000 0.9026 -0.0000 0.4305
1620705014.807197 3.8155 0.0250 -2.7966 -0.0000 0.9081 -0.0000 0.4187
1620705014.840530 3.8205 0.0250 -2.8009 -0.0000 0.9135 -0.0000 0.4067
1620705014.873864 3.8253 0.0250 -2.8053 -0.0000 0.9188 -0.0000 0.3947
1620705014.907197 3.8300 0.0250 -2.8099 -0.0000 0.9239 -0.0000 0.3827
1620705014.940530 3.8345 0.0250 -2.8146 -0.0000 0.9288 -0.0000 0.3706
1620705014.973864 3.8390 0.0250 -2.8194 -0.0000 0.9336 -0.0000 0.3584
1620705015.007197 3.8433 0.0250 -2.8243 -0.0000 0.9382 -0.0000 0.3461
1620705015.040530 3.8475 0.0250 -2.8293 -0.0000 0.9426 -0.0000 0.3338
1620705015.073864 3.8515 0.0250 -2.8345 -0.0000 0.9469 -0.0000 0.3214
1620705015.107197 3.8554 0.0250 -2.8397 -0.0000 0.9511 -0.0000 0.3090
1620705015.140530 3.8592 0.0250 -2.8451 -0.0000 0.9550 -0.0000 0.2965
1620705015.173863 3.8629 0.0250 -2.8505 -0.0000 0.9588 -0.0000 0.2840
1620705015.207197 3.8663 0.0250 -2.8560 -0.0000 0.9625 -0.0000 0.2714
1620705015.240530 3.8697 0.0250 -2.8617 -0.0000 0.9659 -0.0000 0.2588
1620705015.273863 3.8729 0.0250 -2.8674 -0.0000 0.9692 -0.0000 0.2462
1620705015.307197 3.8759 0.0250 -2.8732 -0.0000 0.9724 -0.0000 0.2334
1620705015.340530 3.8788 0.0250 -2.8790 -0.0000 0.9753 -0.0000 0.2207
1620705015.373863 3.8816 0.0250 -2.8850 -0.0000 0.9781 -0.0000 0.2079
1620705015.407197 3.8842 0.0250 -2.8910 -0.0000 0.9808 -0.0000 0.1951
1620705015.440530 3.9033 0.0250 -2.9372 -0.0000 0.9808 -0.0000 0.1951
1620705015.473863 3.9224 0.0250 -2.9834 -0.0000 0.9808 -0.0000 0.1951
1620705015.507196 3.9416 0.0250 -3.0296 -0.0000 0.9808 -0.0000 0.1951
1620705015.540530 3.9607 0.0250 -3.0758 -0.0000 0.9808 -0.0000 0.1951
1620705015.573863 3.9798 0.0250 -3.1220 -0.0000 0.9808 -0.0000 0.1951
1620705015.607196 3.9823 0.0250 -3.1280 -0.0000 0.9833 -0.0000 0.1822
1620705015.640530 3.9845 0.0250 -3.1342 -0.0000 0.9856 -0.0000 0.1693
1620705015.673863 3.9866 0.0250 -3.1404 -0.0000 0.9877 -0.0000 0.1564
1620705015.707196 3.9886 0.0250 -3.1466 -0.0000 0.9897 -0.0000 0.1435
1620705015.740530 3.9903 0.0250 -3.1529 -0.0000 0.9914 -0.0000 0.1305
1620705015.773863 3.9919 0.0250 -3.1593 -0.0000 0.9931 -0.0000 0.1175
1620705015.807196 3.9934 0.0250 -3.1657 -0.0000 0.9945 -0.0000 0.1045
1620705015.840529 3.9947 0.0250 -3.1721 -0.0000 0.9958 -0.0000 0.0915
1620705015.873863 3.9958 0.0250 -3.1785 -0.0000 0.9969 -0.0000 0.0785
1620705015.907196 3.9967 0.0250 -3.1850 -0.0000 0.9979 -0.0000 0.0654
1620705015.940529 3.9975 0.0250 -3.1915 -0.0000 0.9986 -0.0000 0.0523
1620705015.973863 4.0027 0.0250 -3.2412 -0.0000 0.9986 -0.0000 0.0523
1620705016.007196 4.0079 0.0250 -3.2910 -0.0000 0.9986 -0.0000 0.0523
1620705016.040529 4.0132 0.0250 -3.3407 -0.0000 0.9986 -0.0000 0.0523
1620705016.073863 4.0138 0.0250 -3.3472 -0.0000 0.9992 -0.0000 0.0393
1620705016.107196 4.0142 0.0250 -3.3537 -0.0000 0.9997 -0.0000 0.0262
1620705016.140529 4.0144 0.0250 -3.3603 -0.0000 0.9999 -0.0000 0.0131
1620705016.173862 4.0158 0.0250 -3.4103 -0.0000 0.9999 -0.0000 0.0131
1620705016.207196 4.0171 0.0250 -3.4602 -0.0000 0.9999 -0.0000 0.0131
1620705016.240529 4.0184 0.0250 -3.5102 -0.0000 0.9999 -0.0000 0.0131
1620705016.273862 4.0197 0.0250 -3.5602 -0.0000 0.9999 -0.0000 0.0131
1620705016.307196 4.0210 0.0250 -3.6102 -0.0000 0.9999 -0.0000 0.0131
1620705016.340529 4.0223 0.0250 -3.6602 -0.0000 0.9999 -0.0000 0.0131
1620705016.373862 4.0236 0.0250 -3.7101 -0.0000 0.9999 -0.0000 0.0131
1620705016.407196 4.0249 0.0250 -3.7601 -0.0000 0.9999 -0.0000 0.0131
1620705016.440529 4.0262 0.0250 -3.8101 -0.0000 0.9999 -0.0000 0.0131
1620705016.473862 4.0275 0.0250 -3.8601 -0.0000 0.9999 -0.0000 0.0131
1620705016.507195 4.0288 0.0250 -3.9101 -0.0000 0.9999 -0.0000 0.0131
1620705016.540529 4.0302 0.0250 -3.9601 -0.0000 0.9999 -0.0000 0.0131
1620705016.573862 4.0315 0.0250 -4.0100 -0.0000 0.9999 -0.0000 0.0131
1620705016.607195 4.0328 0.0250 -4.0600 -0.0000 0.9999 -0.0000 0.0131
1620705016.640529 4.0341 0.0250 -4.1100 -0.0000 0.9999 -0.0000 0.0131
1620705016.673862 4.0354 0.0250 -4.1600 -0.0000 0.9999 -0.0000 0.0131
1620705016.707195 4.0367 0.0250 -4.2100 -0.0000 0.9999 -0.0000 0.0131
1620705016.740529 4.0380 0.0250 -4.2600 -0.0000 0.9999 -0.0000 0.0131
1620705016.773862 4.0393 0.0250 -4.3099 -0.0000 0.9999 -0.0000 0.0131
1620705016.807195 4.0406 0.0250 -4.3599 -0.0000 0.9999 -0.0000 0.0131
1620705016.840528 4.0419 0.0250 -4.4099 -0.0000 0.9999 -0.0000 0.0131
1620705016.873862 4.0432 0.0250 -4.4599 -0.0000 0.9999 -0.0000 0.0131
1620705016.907195 4.0446 0.0250 -4.5099 -0.0000 0.9999 -0.0000 0.0131
1620705016.940528 4.0459 0.0250 -4.5599 -0.0000 0.9999 -0.0000 0.0131
1620705016.973862 4.0472 0.0250 -4.6098 -0.0000 0.9999 -0.0000 0.0131
1620705017.007195 4.0485 0.0250 -4.6598 -0.0000 0.9999 -0.0000 0.0131
1620705017.040528 4.0498 0.0250 -4.7098 -0.0000 0.9999 -0.0000 0.0131
1620705017.073862 4.0511 0.0250 -4.7598 -0.0000 0.9999 -0.0000 0.0131
1620705017.107195 4.0524 0.0250 -4.8098 -0.0000 0.9999 -0.0000 0.0131
1620705017.140528 4.0537 0.0250 -4.8598 -0.0000 0.9999 -0.0000 0.0131
1620705017.173862 4.0550 0.0250 -4.9097 -0.0000 0.9999 -0.0000 0.0131
1620705017.207195 4.0563 0.0250 -4.9597 -0.0000 0.9999 -0.0000 0.0131
1620705017.240528 4.0576 0.0250 -5.0097 -0.0000 0.9999 -0.0000 0.0131
1620705017.273861 4.0590 0.0250 -5.0597 -0.0000 0.9999 -0.0000 0.0131
1620705017.307195 4.0603 0.0250 -5.1097 -0.0000 0.9999 -0.0000 0.0131
1620705017.340528 4.0616 0.0250 -5.1597 -0.0000 0.9999 -0.0000 0.0131
1620705017.373861 4.0629 0.0250 -5.2096 -0.0000 0.9999 -0.0000 0.0131
1620705017.407195 4.0642 0.0250 -5.2596 -0.0000 0.9999 -0.0000 0.0131
1620705017.440528 4.0655 0.0250 -5.3096 -0.0000 0.9999 -0.0000 0.0131
1620705017.473861 4.0668 0.0250 -5.3596 -0.0000 0.9999 -0.0000 0.0131
1620705017.507195 4.0681 0.0250 -5.4096 -0.0000 0.9999 -0.0000 0.0131
1620705017.540528 4.0694 0.0250 -5.4596 -0.0000 0.9999 -0.0000 0.0131
1620705017.573861 4.0707 0.0250 -5.5095 -0.0000 0.9999 -0.0000 0.0131
1620705017.607194 4.0720 0.0250 -5.5595 -0.0000 0.9999 -0.0000 0.0131
1620705017.640528 4.0733 0.0250 -5.6095 -0.0000 0.9999 -0.0000 0.0131
1620705017.673861 4.0747 0.0250 -5.6595 -0.0000 0.9999 -0.0000 0.0131
1620705017.707194 4.0760 0.0250 -5.7095 -0.0000 0.9999 -0.0000 0.0131
1620705017.740528 4.0773 0.0250 -5.7594 -0.0000 0.9999 -0.0000 0.0131
1620705017.773861 4.0786 0.0250 -5.8094 -0.0000 0.9999 -0.0000 0.0131
1620705017.807194 4.0799 0.0250 -5.8594 -0.0000 0.9999 -0.0000 0.0131
1620705017.840528 4.0812 0.0250 -5.9094 -0.0000 0.9999 -0.0000 0.0131
1620705017.873861 4.0825 0.0250 -5.9594 -0.0000 0.9999 -0.0000 0.0131
1620705017.907194 4.0838 0.0250 -6.0094 -0.0000 0.9999 -0.0000 0.0131
1620705017.940527 4.0851 0.0250 -6.0593 -0.0000 0.9999 -0.0000 0.0131
1620705017.973861 4.0864 0.0250 -6.1093 -0.0000 0.9999 -0.0000 0.0131
1620705018.007194 4.0877 0.0250 -6.1593 -0.0000 0.9999 -0.0000 0.0131
1620705018.040527 4.0891 0.0250 -6.2093 -0.0000 0.9999 -0.0000 0.0131
1620705018.073861 4.0904 0.0250 -6.2593 -0.0000 0.9999 -0.0000 0.0131
1620705018.107194 4.0901 0.0250 -6.2527 -0.0000 0.9997 -0.0000 0.0262
1620705018.140527 4.0897 0.0250 -6.2462 -0.0000 0.9992 -0.0000 0.0393
1620705018.173861 4.0891 0.0250 -6.2397 -0.0000 0.9986 -0.0000 0.0523
1620705018.207194 4.0883 0.0250 -6.2332 -0.0000 0.9979 -0.0000 0.0654
1620705018.240527 4.0874 0.0250 -6.2267 -0.0000 0.9969 -0.0000 0.0785
1620705018.273860 4.0863 0.0250 -6.2203 -0.0000 0.9958 -0.0000 0.0915
1620705018.307194 4.0850 0.0250 -6.2138 -0.0000 0.9945 -0.0000 0.1045
1620705018.340527 4.0835 0.0250 -6.2075 -0.0000 0.9931 -0.0000 0.1175
1620705018.373860 4.0819 0.0250 -6.2011 -0.0000 0.9914 -0.0000 0.1305
1620705018.407194 4.0802 0.0250 -6.1948 -0.0000 0.9897 -0.0000 0.1435
1620705018.440527 4.0782 0.0250 -6.1886 -0.0000 0.9877 -0.0000 0.1564
1620705018.473860 4.0761 0.0250 -6.1824 -0.0000 0.9856 -0.0000 0.1693
1620705018.507194 4.0738 0.0250 -6.1762 -0.0000 0.9833 -0.0000 0.1822
1620705018.540527 4.0714 0.0250 -6.1702 -0.0000 0.9808 -0.0000 0.1951
1620705018.573860 4.0688 0.0250 -6.1641 -0.0000 0.9781 -0.0000 0.2079
1620705018.607193 4.0661 0.0250 -6.1582 -0.0000 0.9753 -0.0000 0.2207
1620705018.640527 4.0632 0.0250 -6.1523 -0.0000 0.9724 -0.0000 0.2334
1620705018.673860 4.0859 0.0250 -6.1969 -0.0000 0.9724 -0.0000 0.2334
1620705018.707193 4.1086 0.0250 -6.2414 -0.0000 0.9724 -0.0000 0.2334
1620705018.740527 4.1313 0.0250 -6.2860 -0.0000 0.9724 -0.0000 0.2334
1620705018.773860 4.1540 0.0250 -6.3305 -0.0000 0.9724 -0.0000 0.2334
1620705018.807193 4.1767 0.0250 -6.3751 -0.0000 0.9724 -0.0000 0.2334
1620705018.840527 4.1994 0.0250 -6.4196 -0.0000 0.9724 -0.0000 0.2334
1620705018.873860 4.1964 0.0250 -6.4138 -0.0000 0.9692 -0.0000 0.2462
1620705018.907193 4.1932 0.0250 -6.4081 -0.0000 0.9659 -0.0000 0.2588
1620705018.940526 4.1898 0.0250 -6.4025 -0.0000 0.9625 -0.0000 0.2714
1620705018.973860 4.1863 0.0250 -6.3970 -0.0000 0.9588 -0.0000 0.2840
1620705019.007193 4.1827 0.0250 -6.3915 -0.0000 0.9550 -0.0000 0.2965
1620705019.040526 4.1789 0.0250 -6.3862 -0.0000 0.9511 -0.0000 0.3090
1620705019.073860 4.1750 0.0250 -6.3809 -0.0000 0.9469 -0.0000 0.3214
1620705019.107193 4.2054 0.0250 -6.4206 -0.0000 0.9469 -0.0000 0.3214
1620705019.140526 4.2359 0.0250 -6.4603 -0.0000 0.9469 -0.0000 0.3214
1620705019.173860 4.2663 0.0250 -6.4999 -0.0000 0.9469 -0.0000 0.3214
1620705019.207193 4.2967 0.0250 -6.5396 -0.0000 0.9469 -0.0000 0.3214
1620705019.240526 4.2927 0.0250 -6.5345 -0.0000 0.9426 -0.0000 0.3338
1620705019.273860 4.2885 0.0250 -6.5294 -0.0000 0.9382 -0.0000 0.3461
1620705019.307193 4.2842 0.0250 -6.5245 -0.0000 0.9336 -0.0000 0.3584
1620705019.340526 4.2797 0.0250 -6.5197 -0.0000 0.9288 -0.0000 0.3706
1620705019.373859 4.2752 0.0250 -6.5150 -0.0000 0.9239 -0.0000 0.3827
1620705019.407193 4.2705 0.0250 -6.5105 -0.0000 0.9188 -0.0000 0.3947
1620705019.440526 4.2657 0.0250 -6.5060 -0.0000 0.9135 -0.0000 0.4067
1620705019.473859 4.3028 0.0250 -6.5395 -0.0000 0.9135 -0.0000 0.4067
1620705019.507193 4.3400 0.0250 -6.5729 -0.0000 0.9135 -0.0000 0.4067
1620705019.540526 4.3772 0.0250 -6.6064 -0.0000 0.9135 -0.0000 0.4067
1620705019.573859 4.4143 0.0250 -6.6398 -0.0000 0.9135 -0.0000 0.4067
1620705019.607193 4.4094 0.0250 -6.6355 -0.0000 0.9081 -0.0000 0.4187
1620705019.640526 4.4044 0.0250 -6.6313 -0.0000 0.9026 -0.0000 0.4305
1620705019.673859 4.3992 0.0250 -6.6273 -0.0000 0.8969 -0.0000 0.4423
1620705019.707192 4.3940 0.0250 -6.6234 -0.0000 0.8910 -0.0000 0.4540
1620705019.740526 4.3886 0.0250 -6.6196 -0.0000 0.8850 -0.0000 0.4656
1620705019.773859 4.3832 0.0250 -6.6160 -0.0000 0.8788 -0.0000 0.4772
1620705019.807192 4.3777 0.0250 -6.6125 -0.0000 0.8725 -0.0000 0.4886
1620705019.840526 4.4203 0.0250 -6.6386 -0.0000 0.8725 -0.0000 0.4886
1620705019.873859 4.4629 0.0250 -6.6647 -0.0000 0.8725 -0.0000 0.4886
1620705019.907192 4.5056 0.0250 -6.6908 -0.0000 0.8725 -0.0000 0.4886
1620705019.940526 4.5482 0.0250 -6.7170 -0.0000 0.8725 -0.0000 0.4886
1620705019.973859 4.5426 0.0250 -6.7136 -0.0000 0.8660 -0.0000 0.5000
1620705020.007192 4.5368 0.0250 -6.7104 -0.0000 0.8594 -0.0000 0.5113
1620705020.040525 4.5311 0.0250 -6.7074 -0.0000 0.8526 -0.0000 0.5225
1620705020.073859 4.5252 0.0250 -6.7045 -0.0000 0.8457 -0.0000 0.5336
1620705020.107192 4.5192 0.0250 -6.7017 -0.0000 0.8387 -0.0000 0.5446
1620705020.140525 4.5132 0.0250 -6.6992 -0.0000 0.8315 -0.0000 0.5556
1620705020.173859 4.5594 0.0250 -6.7183 -0.0000 0.8315 -0.0000 0.5556
1620705020.207192 4.6056 0.0250 -6.7374 -0.0000 0.8315 -0.0000 0.5556
1620705020.240525 4.6518 0.0250 -6.7566 -0.0000 0.8315 -0.0000 0.5556
1620705020.273859 4.6980 0.0250 -6.7757 -0.0000 0.8315 -0.0000 0.5556
1620705020.307192 4.7442 0.0250 -6.7948 -0.0000 0.8315 -0.0000 0.5556
1620705020.340525 4.7381 0.0250 -6.7924 -0.0000 0.8241 -0.0000 0.5664
1620705020.373858 4.7320 0.0250 -6.7901 -0.0000 0.8166 -0.0000 0.5771
1620705020.407192 4.7258 0.0250 -6.7880 -0.0000 0.8090 -0.0000 0.5878
1620705020.440525 4.7195 0.0250 -6.7861 -0.0000 0.8013 -0.0000 0.5983
1620705020.473858 4.7132 0.0250 -6.7843 -0.0000 0.7934 -0.0000 0.6088
1620705020.507192 4.7069 0.0250 -6.7827 -0.0000 0.7853 -0.0000 0.6191
1620705020.540525 4.7005 0.0250 -6.7813 -0.0000 0.7771 -0.0000 0.6293
1620705020.573858 4.6941 0.0250 -6.7800 -0.0000 0.7688 -0.0000 0.6394
1620705020.607192 4.6876 0.0250 -6.7789 -0.0000 0.7604 -0.0000 0.6494
1620705020.640525 4.6812 0.0250 -6.7779 -0.0000 0.7518 -0.0000 0.6593
1620705020.673858 4.6747 0.0250 -6.7772 -0.0000 0.7431 -0.0000 0.6691
1620705020.707191 4.6681 0.0250 -6.7766 -0.0000 0.7343 -0.0000 0.6788
1620705020.740525 4.6616 0.0250 -6.7761 -0.0000 0.7254 -0.0000 0.6884
1620705020.773858 4.6551 0.0250 -6.7759 -0.0000 0.7163 -0.0000 0.6978
1620705020.807191 4.6485 0.0250 -6.7758 -0.0000 0.7071 -0.0000 0.7071
1620705020.840525 4.6420 0.0250 -6.7759 -0.0000 0.6978 -0.0000 0.7163
1620705020.873858 4.6920 0.0250 -6.7746 -0.0000 0.6978 -0.0000 0.7163
1620705020.907191 4.7420 0.0250 -6.7733 -0.0000 0.6978 -0.0000 0.7163
1620705020.940525 4.7919 0.0250 -6.7720 -0.0000 0.6978 -0.0000 0.7163
1620705020.973858 4.8419 0.0250 -6.7706 -0.0000 0.6978 -0.0000 0.7163
1620705021.007191 4.8919 0.0250 -6.7693 -0.0000 0.6978 -0.0000 0.7163
1620705021.040524 4.9419 0.0250 -6.7680 -0.0000 0.6978 -0.0000 0.7163
1620705021.073858 4.9919 0.0250 -6.7667 -0.0000 0.6978 -0.0000 0.7163
1620705021.107191 5.0418 0.0250 -6.7654 -0.0000 0.6978 -0.0000 0.7163
1620705021.140524 5.0918 0.0250 -6.7641 -0.0000 0.6978 -0.0000 0.7163
1620705021.173858 5.1418 0.0250 -6.7628 -0.0000 0.6978 -0.0000 0.7163
1620705021.207191 5.1918 0.0250 -6.7615 -0.0000 0.6978 -0.0000 0.7163
1620705021.240524 5.2418 0.0250 -6.7602 -0.0000 0.6978 -0.0000 0.7163
1620705021.273858 5.2918 0.0250 -6.7589 -0.0000 0.6978 -0.0000 0.7163
1620705021.307191 5.3417 0.0250 -6.7576 -0.0000 0.6978 -0.0000 0.7163
1620705021.340524 5.3917 0.0250 -6.7562 -0.0000 0.6978 -0.0000 0.7163
1620705021.373857 5.3852 0.0250 -6.7565 -0.0000 0.6884 -0.0000 0.7254
1620705021.407191 5.3787 0.0250 -6.7569 -0.0000 0.6788 -0.0000 0.7343
1620705021.440524 5.3721 0.0250 -6.7575 -0.0000 0.6691 -0.0000 0.7431
1620705021.473857 5.3656 0.0250 -6.7583 -0.0000 0.6593 -0.0000 0.7518
1620705021.507191 5.3592 0.0250 -6.7592 -0.0000 0.6494 -0.0000 0.7604
1620705021.540524 5.3527 0.0250 -6.7603 -0.0000 0.6394 -0.0000 0.7688
1620705021.573857 5.3463 0.0250 -6.7616 -0.0000 0.6293 -0.0000 0.7771
1620705021.607191 5.3399 0.0250 -6.7631 -0.0000 0.6191 -0.0000 0.7853
1620705021.640524 5.3336 0.0250 -6.7647 -0.0000 0.6088 -0.0000 0.7934
1620705021.673857 5.3273 0.0250 -6.7665 -0.0000 0.5983 -0.0000 0.8013
1620705021.707191 5.3210 0.0250 -6.7684 -0.0000 0.5878 -0.0000 0.8090
1620705021.740524 5.3148 0.0250 -6.7705 -0.0000 0.5771 -0.0000 0.8166
1620705021.773857 5.3087 0.0250 -6.7728 -0.0000 0.5664 -0.0000 0.8241
1620705021.807190 5.3026 0.0250 -6.7752 -0.0000 0.5556 -0.0000 0.8315
1620705021.840524 5.2966 0.0250 -6.7778 -0.0000 0.5446 -0.0000 0.8387
1620705021.873857 5.3423 0.0250 -6.7574 -0.0000 0.5446 -0.0000 0.8387
1620705021.907190 5.3879 0.0250 -6.7371 -0.0000 0.5446 -0.0000 0.8387
1620705021.940524 5.3940 0.0250 -6.7345 -0.0000 0.5556 -0.0000 0.8315
1620705021.973857 5.4000 0.0250 -6.7321 -0.0000 0.5664 -0.0000 0.8241
1620705022.007190 5.4062 0.0250 -6.7298 -0.0000 0.5771 -0.0000 0.8166
1620705022.040524 5.4000 0.0250 -6.7321 -0.0000 0.5664 -0.0000 0.8241
1620705022.073857 5.3940 0.0250 -6.7345 -0.0000 0.5556 -0.0000 0.8315
1620705022.107190 5.3879 0.0250 -6.7371 -0.0000 0.5446 -0.0000 0.8387
1620705022.140523 5.3820 0.0250 -6.7398 -0.0000 0.5336 -0.0000 0.8457
1620705022.173857 5.3761 0.0250 -6.7427 -0.0000 0.5225 -0.0000 0.8526
1620705022.207190 5.3703 0.0250 -6.7458 -0.0000 0.5113 -0.0000 0.8594
1620705022.240523 5.3646 0.0250 -6.7490 -0.0000 0.5000 -0.0000 0.8660
1620705022.273857 5.3590 0.0250 -6.7523 -0.0000 0.4886 -0.0000 0.8725
1620705022.307190 5.3535 0.0250 -6.7558 -0.0000 0.4772 -0.0000 0.8788
1620705022.340523 5.3480 0.0250 -6.7595 -0.0000 0.4656 -0.0000 0.8850
1620705022.373857 5.3427 0.0250 -6.7632 -0.0000 0.4540 -0.0000 0.8910
1620705022.407190 5.3374 0.0250 -6.7671 -0.0000 0.4423 -0.0000 0.8969
1620705022.440523 5.3771 0.0250 -6.7367 -0.0000 0.4423 -0.0000 0.8969
1620705022.473856 5.4168 0.0250 -6.7063 -0.0000 0.4423 -0.0000 0.8969
1620705022.507190 5.4564 0.0250 -6.6758 -0.0000 0.4423 -0.0000 0.8969
1620705022.540523 5.4961 0.0250 -6.6454 -0.0000 0.4423 -0.0000 0.8969
1620705022.573856 5.5358 0.0250 -6.6150 -0.0000 0.4423 -0.0000 0.8969
1620705022.607190 5.5754 0.0250 -6.5845 -0.0000 0.4423 -0.0000 0.8969
1620705022.640523 5.6151 0.0250 -6.5541 -0.0000 0.4423 -0.0000 0.8969
1620705022.673856 5.6548 0.0250 -6.5236 -0.0000 0.4423 -0.0000 0.8969
1620705022.707190 5.6944 0.0250 -6.4932 -0.0000 0.4423 -0.0000 0.8969
1620705022.740523 5.7341 0.0250 -6.4628 -0.0000 0.4423 -0.0000 0.8969
1620705022.773856 5.7738 0.0250 -6.4323 -0.0000 0.4423 -0.0000 0.8969
1620705022.807189 5.8134 0.0250 -6.4019 -0.0000 0.4423 -0.0000 0.8969
1620705022.840523 5.8083 0.0250 -6.4059 -0.0000 0.4305 -0.0000 0.9026
1620705022.873856 5.8033 0.0250 -6.4101 -0.0000 0.4187 -0.0000 0.9081
1620705022.907189 5.7984 0.0250 -6.4144 -0.0000 0.4067 -0.0000 0.9135
1620705022.940523 5.7936 0.0250 -6.4189 -0.0000 0.3947 -0.0000 0.9188
1620705022.973856 5.8298 0.0250 -6.3845 -0.0000 0.3947 -0.0000 0.9188
1620705023.007189 5.8661 0.0250 -6.3501 -0.0000 0.3947 -0.0000 0.9188
1620705023.040523 5.9024 0.0250 -6.3156 -0.0000 0.3947 -0.0000 0.9188
1620705023.073856 5.9386 0.0250 -6.2812 -0.0000 0.3947 -0.0000 0.9188
1620705023.107189 5.9749 0.0250 -6.2468 -0.0000 0.3947 -0.0000 0.9188
1620705023.140522 5.9702 0.0250 -6.2514 -0.0000 0.3827 -0.0000 0.9239
1620705023.173856 5.9656 0.0250 -6.2561 -0.0000 0.3706 -0.0000 0.9288
1620705023.207189 5.9612 0.0250 -6.2609 -0.0000 0.3584 -0.0000 0.9336
1620705023.240522 5.9569 0.0250 -6.2658 -0.0000 0.3461 -0.0000 0.9382
1620705023.273856 5.9527 0.0250 -6.2708 -0.0000 0.3338 -0.0000 0.9426
1620705023.307189 5.9842 0.0250 -6.2320 -0.0000 0.3338 -0.0000 0.9426
1620705023.340522 6.0156 0.0250 -6.1931 -0.0000 0.3338 -0.0000 0.9426
1620705023.373856 6.0471 0.0250 -6.1542 -0.0000 0.3338 -0.0000 0.9426
1620705023.407189 6.0786 0.0250 -6.1154 -0.0000 0.3338 -0.0000 0.9426
1620705023.440522 6.1100 0.0250 -6.0765 -0.0000 0.3338 -0.0000 0.9426
1620705023.473855 6.1060 0.0250 -6.0817 -0.0000 0.3214 -0.0000 0.9469
1620705023.507189 6.1021 0.0250 -6.0869 -0.0000 0.3090 -0.0000 0.9511
1620705023.540522 6.0983 0.0250 -6.0923 -0.0000 0.2965 -0.0000 0.9550
1620705023.573855 6.0946 0.0250 -6.0977 -0.0000 0.2840 -0.0000 0.9588
1620705023.607189 6.0912 0.0250 -6.1032 -0.0000 0.2714 -0.0000 0.9625
1620705023.640522 6.0878 0.0250 -6.1089 -0.0000 0.2588 -0.0000 0.9659
1620705023.673855 6.1128 0.0250 -6.0656 -0.0000 0.2588 -0.0000 0.9659
1620705023.707189 6.1378 0.0250 -6.0223 -0.0000 0.2588 -0.0000 0.9659
1620705023.740522 6.1346 0.0250 -6.0280 -0.0000 0.2462 -0.0000 0.9692
1620705023.773855 6.1316 0.0250 -6.0338 -0.0000 0.2334 -0.0000 0.9724
1620705023.807189 6.1287 0.0250 -6.0396 -0.0000 0.2207 -0.0000 0.9753
1620705023.840522 6.1259 0.0250 -6.0456 -0.0000 0.2079 -0.0000 0.9781
1620705023.873855 6.1233 0.0250 -6.0516 -0.0000 0.1951 -0.0000 0.9808
1620705023.907188 6.1209 0.0250 -6.0577 -0.0000 0.1822 -0.0000 0.9833
1620705023.940522 6.1187 0.0250 -6.0638 -0.0000 0.1693 -0.0000 0.9856
1620705023.973855 6.1165 0.0250 -6.0700 -0.0000 0.1564 -0.0000 0.9877
1620705024.007188 6.1320 0.0250 -6.0224 -0.0000 0.1564 -0.0000 0.9877
1620705024.040522 6.1475 0.0250 -5.9749 -0.0000 0.1564 -0.0000 0.9877
1620705024.073855 6.1629 0.0250 -5.9273 -0.0000 0.1564 -0.0000 0.9877
1620705024.107188 6.1610 0.0250 -5.9336 -0.0000 0.1435 -0.0000 0.9897
1620705024.140522 6.1592 0.0250 -5.9399 -0.0000 0.1305 -0.0000 0.9914
1620705024.173855 6.1576 0.0250 -5.9462 -0.0000 0.1175 -0.0000 0.9931
1620705024.207188 6.1561 0.0250 -5.9526 -0.0000 0.1045 -0.0000 0.9945
1620705024.240521 6.1549 0.0250 -5.9590 -0.0000 0.0915 -0.0000 0.9958
1620705024.273855 6.1537 0.0250 -5.9655 -0.0000 0.0785 -0.0000 0.9969
1620705024.307188 6.1616 0.0250 -5.9161 -0.0000 0.0785 -0.0000 0.9969
1620705024.340521 6.1694 0.0250 -5.8667 -0.0000 0.0785 -0.0000 0.9969
1620705024.373855 6.1772 0.0250 -5.8173 -0.0000 0.0785 -0.0000 0.9969
1620705024.407188 6.1850 0.0250 -5.7679 -0.0000 0.0785 -0.0000 0.9969
1620705024.440521 6.1929 0.0250 -5.7186 -0.0000 0.0785 -0.0000 0.9969
1620705024.473855 6.2007 0.0250 -5.6692 -0.0000 0.0785 -0.0000 0.9969
1620705024.507188 6.2085 0.0250 -5.6198 -0.0000 0.0785 -0.0000 0.9969
1620705024.540521 6.2163 0.0250 -5.5704 -0.0000 0.0785 -0.0000 0.9969
1620705024.573854 6.2241 0.0250 -5.5210 -0.0000 0.0785 -0.0000 0.9969
1620705024.607188 6.2320 0.0250 -5.4716 -0.0000 0.0785 -0.0000 0.9969
1620705024.640521 6.2310 0.0250 -5.4781 -0.0000 0.0654 -0.0000 0.9979
1620705024.673854 6.2303 0.0250 -5.4846 -0.0000 0.0523 -0.0000 0.9986
1620705024.707188 6.2297 0.0250 -5.4911 -0.0000 0.0393 -0.0000 0.9992
1620705024.740521 6.2336 0.0250 -5.4413 -0.0000 0.0393 -0.0000 0.9992
1620705024.773854 6.2375 0.0250 -5.3914 -0.0000 0.0393 -0.0000 0.9992
1620705024.807188 6.2414 0.0250 -5.3416 -0.0000 0.0393 -0.0000 0.9992
1620705024.840521 6.2453 0.0250 -5.2918 -0.0000 0.0393 -0.0000 0.9992
1620705024.873854 6.2493 0.0250 -5.2419 -0.0000 0.0393 -0.0000 0.9992
1620705024.907187 6.2532 0.0250 -5.1921 -0.0000 0.0393 -0.0000 0.9992
1620705024.940521 6.2528 0.0250 -5.1986 -0.0000 0.0262 -0.0000 0.9997
1620705024.973854 6.2525 0.0250 -5.2051 -0.0000 0.0131 -0.0000 0.9999
1620705025.007187 6.2524 0.0250 -5.2117 -0.0000 0.0000 -0.0000 1.0000
1620705025.040521 6.2524 0.0250 -5.1617 -0.0000 0.0000 -0.0000 1.0000
1620705025.073854 6.2524 0.0250 -5.1117 -0.0000 0.0000 -0.0000 1.0000
1620705025.107187 6.2524 0.0250 -5.0617 -0.0000 0.0000 -0.0000 1.0000
1620705025.140521 6.2524 0.0250 -5.0117 -0.0000 0.0000 -0.0000 1.0000
1620705025.173854 6.2524 0.0250 -4.9617 -0.0000 0.0000 -0.0000 1.0000
1620705025.207187 6.2524 0.0250 -4.9117 -0.0000 0.0000 -0.0000 1.0000
1620705025.240520 6.2525 0.0250 -4.9182 -0.0000 -0.0131 -0.0000 0.9999
1620705025.273854 6.2528 0.0250 -4.9248 -0.0000 -0.0262 -0.0000 0.9997
1620705025.307187 6.2501 0.0250 -4.8748 -0.0000 -0.0262 -0.0000 0.9997
1620705025.340520 6.2475 0.0250 -4.8249 -0.0000 -0.0262 -0.0000 0.9997
1620705025.373854 6.2449 0.0250 -4.7750 -0.0000 -0.0262 -0.0000 0.9997
1620705025.407187 6.2423 0.0250 -4.7250 -0.0000 -0.0262 -0.0000 0.9997
1620705025.440520 6.2397 0.0250 -4.6751 -0.0000 -0.0262 -0.0000 0.9997
1620705025.473854 6.2371 0.0250 -4.6252 -0.0000 -0.0262 -0.0000 0.9997
1620705025.507187 6.2344 0.0250 -4.5752 -0.0000 -0.0262 -0.0000 0.9997
1620705025.540520 6.2318 0.0250 -4.5253 -0.0000 -0.0262 -0.0000 0.9997
1620705025.573853 6.2292 0.0250 -4.4754 -0.0000 -0.0262 -0.0000 0.9997
1620705025.607187 6.2266 0.0250 -4.4254 -0.0000 -0.0262 -0.0000 0.9997
1620705025.640520 6.2270 0.0250 -4.4320 -0.0000 -0.0393 -0.0000 0.9992
1620705025.673853 6.2276 0.0250 -4.4385 -0.0000 -0.0523 -0.0000 0.9986
1620705025.707187 6.2284 0.0250 -4.4450 -0.0000 -0.0654 -0.0000 0.9979
1620705025.740520 6.2219 0.0250 -4.3954 -0.0000 -0.0654 -0.0000 0.9979
1620705025.773853 6.2153 0.0250 -4.3458 -0.0000 -0.0654 -0.0000 0.9979
1620705025.807187 6.2088 0.0250 -4.2963 -0.0000 -0.0654 -0.0000 0.9979
1620705025.840520 6.2023 0.0250 -4.2467 -0.0000 -0.0654 -0.0000 0.9979
1620705025.873853 6.1958 0.0250 -4.1971 -0.0000 -0.0654 -0.0000 0.9979
1620705025.907187 6.1892 0.0250 -4.1476 -0.0000 -0.0654 -0.0000 0.9979
1620705025.940520 6.1827 0.0250 -4.0980 -0.0000 -0.0654 -0.0000 0.9979
1620705025.973853 6.1836 0.0250 -4.1045 -0.0000 -0.0785 -0.0000 0.9969
1620705026.007186 6.1848 0.0250 -4.1109 -0.0000 -0.0915 -0.0000 0.9958
1620705026.040520 6.1860 0.0250 -4.1173 -0.0000 -0.1045 -0.0000 0.9945
1620705026.073853 6.1875 0.0250 -4.1237 -0.0000 -0.1175 -0.0000 0.9931
1620705026.107186 6.1891 0.0250 -4.1301 -0.0000 -0.1305 -0.0000 0.9914
1620705026.140520 6.1909 0.0250 -4.1364 -0.0000 -0.1435 -0.0000 0.9897
1620705026.173853 6.1928 0.0250 -4.1426 -0.0000 -0.1564 -0.0000 0.9877
1620705026.207186 6.1949 0.0250 -4.1488 -0.0000 -0.1693 -0.0000 0.9856
1620705026.240520 6.1782 0.0250 -4.1017 -0.0000 -0.1693 -0.0000 0.9856
1620705026.273853 6.1615 0.0250 -4.0545 -0.0000 -0.1693 -0.0000 0.9856
1620705026.307186 6.1448 0.0250 -4.0074 -0.0000 -0.1693 -0.0000 0.9856
1620705026.340519 6.1471 0.0250 -4.0135 -0.0000 -0.1822 -0.0000 0.9833
1620705026.373853 6.1495 0.0250 -4.0196 -0.0000 -0.1951 -0.0000 0.9808
1620705026.407186 6.1521 0.0250 -4.0256 -0.0000 -0.2079 -0.0000 0.9781
1620705026.440519 6.1548 0.0250 -4.0316 -0.0000 -0.2207 -0.0000 0.9753
1620705026.473853 6.1577 0.0250 -4.0375 -0.0000 -0.2334 -0.0000 0.9724
1620705026.507186 6.1608 0.0250 -4.0432 -0.0000 -0.2462 -0.0000 0.9692
1620705026.540519 6.1369 0.0250 -3.9993 -0.0000 -0.2462 -0.0000 0.9692
1620705026.573853 6.1131 0.0250 -3.9554 -0.0000 -0.2462 -0.0000 0.9692
1620705026.607186 6.0892 0.0250 -3.9114 -0.0000 -0.2462 -0.0000 0.9692
1620705026.640519 6.0654 0.0250 -3.8675 -0.0000 -0.2462 -0.0000 0.9692
1620705026.673852 6.0686 0.0250 -3.8732 -0.0000 -0.2588 -0.0000 0.9659
1620705026.707186 6.0719 0.0250 -3.8788 -0.0000 -0.2714 -0.0000 0.9625
1620705026.740519 6.0754 0.0250 -3.8844 -0.0000 -0.2840 -0.0000 0.9588
1620705026.773852 6.0790 0.0250 -3.8898 -0.0000 -0.2965 -0.0000 0.9550
1620705026.807186 6.0828 0.0250 -3.8951 -0.0000 -0.3090 -0.0000 0.9511
1620705026.840519 6.0534 0.0250 -3.8547 -0.0000 -0.3090 -0.0000 0.9511
1620705026.873852 6.0240 0.0250 -3.8142 -0.0000 -0.3090 -0.0000 0.9511
1620705026.907186 5.9946 0.0250 -3.7738 -0.0000 -0.3090 -0.0000 0.9511
1620705026.940519 5.9653 0.0250 -3.7333 -0.0000 -0.3090 -0.0000 0.9511
1620705026.973852 5.9359 0.0250 -3.6929 -0.0000 -0.3090 -0.0000 0.9511
1620705027.007185 5.9065 0.0250 -3.6524 -0.0000 -0.3090 -0.0000 0.9511
1620705027.040519 5.8771 0.0250 -3.6120 -0.0000 -0.3090 -0.0000 0.9511
1620705027.073852 5.8477 0.0250 -3.5715 -0.0000 -0.3090 -0.0000 0.9511
1620705027.107185 5.8183 0.0250 -3.5311 -0.0000 -0.3090 -0.0000 0.9511
1620705027.140519 5.7889 0.0250 -3.4906 -0.0000 -0.3090 -0.0000 0.9511
1620705027.173852 5.7928 0.0250 -3.4959 -0.0000 -0.3214 -0.0000 0.9469
1620705027.207185 5.7969 0.0250 -3.5010 -0.0000 -0.3338 -0.0000 0.9426
1620705027.240519 5.8011 0.0250 -3.5060 -0.0000 -0.3461 -0.0000 0.9382
1620705027.273852 5.8054 0.0250 -3.5110 -0.0000 -0.3584 -0.0000 0.9336
1620705027.307185 5.8098 0.0250 -3.5158 -0.0000 -0.3706 -0.0000 0.9288
1620705027.340518 5.8144 0.0250 -3.5205 -0.0000 -0.3827 -0.0000 0.9239
1620705027.373852 5.8191 0.0250 -3.5250 -0.0000 -0.3947 -0.0000 0.9188
1620705027.407185 5.8239 0.0250 -3.5295 -0.0000 -0.4067 -0.0000 0.9135
1620705027.440518 5.8288 0.0250 -3.5338 -0.0000 -0.4187 -0.0000 0.9081
1620705027.473852 5.8338 0.0250 -3.5380 -0.0000 -0.4305 -0.0000 0.9026
1620705027.507185 5.7950 0.0250 -3.5065 -0.0000 -0.4305 -0.0000 0.9026
1620705027.540518 5.7561 0.0250 -3.4750 -0.0000 -0.4305 -0.0000 0.9026
1620705027.573852 5.7173 0.0250 -3.4436 -0.0000 -0.4305 -0.0000 0.9026
1620705027.607185 5.6784 0.0250 -3.4121 -0.0000 -0.4305 -0.0000 0.9026
1620705027.640518 5.6396 0.0250 -3.3806 -0.0000 -0.4305 -0.0000 0.9026
1620705027.673851 5.6007 0.0250 -3.3492 -0.0000 -0.4305 -0.0000 0.9026
1620705027.707185 5.5618 0.0250 -3.3177 -0.0000 -0.4305 -0.0000 0.9026
1620705027.740518 5.5230 0.0250 -3.2862 -0.0000 -0.4305 -0.0000 0.9026
1620705027.773851 5.4841 0.0250 -3.2548 -0.0000 -0.4305 -0.0000 0.9026
1620705027.807185 5.4453 0.0250 -3.2233 -0.0000 -0.4305 -0.0000 0.9026
1620705027.840518 5.4504 0.0250 -3.2274 -0.0000 -0.4423 -0.0000 0.8969
1620705027.873851 5.4556 0.0250 -3.2313 -0.0000 -0.4540 -0.0000 0.8910
1620705027.907185 5.4610 0.0250 -3.2351 -0.0000 -0.4656 -0.0000 0.8850
1620705027.940518 5.4664 0.0250 -3.2387 -0.0000 -0.4772 -0.0000 0.8788
1620705027.973851 5.4720 0.0250 -3.2422 -0.0000 -0.4886 -0.0000 0.8725
1620705028.007185 5.4293 0.0250 -3.2161 -0.0000 -0.4886 -0.0000 0.8725
1620705028.040518 5.3867 0.0250 -3.1899 -0.0000 -0.4886 -0.0000 0.8725
1620705028.073851 5.3441 0.0250 -3.1638 -0.0000 -0.4886 -0.0000 0.8725
1620705028.107184 5.3014 0.0250 -3.1377 -0.0000 -0.4886 -0.0000 0.8725
1620705028.140518 5.2588 0.0250 -3.1116 -0.0000 -0.4886 -0.0000 0.8725
1620705028.173851 5.2644 0.0250 -3.1149 -0.0000 -0.5000 -0.0000 0.8660
1620705028.207184 5.2701 0.0250 -3.1181 -0.0000 -0.5113 -0.0000 0.8594
1620705028.240518 5.2262 0.0250 -3.0942 -0.0000 -0.5113 -0.0000 0.8594
1620705028.273851 5.1823 0.0250 -3.0704 -0.0000 -0.5113 -0.0000 0.8594
1620705028.307184 5.1383 0.0250 -3.0465 -0.0000 -0.5113 -0.0000 0.8594
1620705028.340518 5.0944 0.0250 -3.0227 -0.0000 -0.5113 -0.0000 0.8594
1620705028.373851 5.1002 0.0250 -3.0257 -0.0000 -0.5225 -0.0000 0.8526
1620705028.407184 5.1060 0.0250 -3.0286 -0.0000 -0.5336 -0.0000 0.8457
1620705028.440517 5.1120 0.0250 -3.0314 -0.0000 -0.5446 -0.0000 0.8387
1620705028.473851 5.1180 0.0250 -3.0339 -0.0000 -0.5556 -0.0000 0.8315
1620705028.507184 5.1241 0.0250 -3.0364 -0.0000 -0.5664 -0.0000 0.8241
1620705028.540517 5.1302 0.0250 -3.0386 -0.0000 -0.5771 -0.0000 0.8166
1620705028.573851 5.1364 0.0250 -3.0407 -0.0000 -0.5878 -0.0000 0.8090
1620705028.607184 5.1427 0.0250 -3.0427 -0.0000 -0.5983 -0.0000 0.8013
1620705028.640517 5.0947 0.0250 -3.0285 -0.0000 -0.5983 -0.0000 0.8013
1620705028.673851 5.0468 0.0250 -3.0143 -0.0000 -0.5983 -0.0000 0.8013
1620705028.707184 4.9988 0.0250 -3.0001 -0.0000 -0.5983 -0.0000 0.8013
1620705028.740517 4.9509 0.0250 -2.9859 -0.0000 -0.5983 -0.0000 0.8013
1620705028.773850 4.9030 0.0250 -2.9717 -0.0000 -0.5983 -0.0000 0.8013
1620705028.807184 4.8550 0.0250 -2.9575 -0.0000 -0.5983 -0.0000 0.8013
1620705028.840517 4.8613 0.0250 -2.9592 -0.0000 -0.6088 -0.0000 0.7934
1620705028.873850 4.8677 0.0250 -2.9609 -0.0000 -0.6191 -0.0000 0.7853
1620705028.907184 4.8740 0.0250 -2.9623 -0.0000 -0.6293 -0.0000 0.7771
1620705028.940517 4.8251 0.0250 -2.9519 -0.0000 -0.6293 -0.0000 0.7771
1620705028.973850 4.7762 0.0250 -2.9415 -0.0000 -0.6293 -0.0000 0.7771
1620705029.007184 4.7273 0.0250 -2.9311 -0.0000 -0.6293 -0.0000 0.7771
1620705029.040517 4.6784 0.0250 -2.9207 -0.0000 -0.6293 -0.0000 0.7771
1620705029.073850 4.6295 0.0250 -2.9103 -0.0000 -0.6293 -0.0000 0.7771
1620705029.107183 4.5806 0.0250 -2.8999 -0.0000 -0.6293 -0.0000 0.7771
1620705029.140517 4.5317 0.0250 -2.8895 -0.0000 -0.6293 -0.0000 0.7771
1620705029.173850 4.4828 0.0250 -2.8791 -0.0000 -0.6293 -0.0000 0.7771
1620705029.207183 4.4339 0.0250 -2.8687 -0.0000 -0.6293 -0.0000 0.7771
1620705029.240517 4.3850 0.0250 -2.8583 -0.0000 -0.6293 -0.0000 0.7771
1620705029.273850 4.3361 0.0250 -2.8479 -0.0000 -0.6293 -0.0000 0.7771
1620705029.307183 4.2872 0.0250 -2.8376 -0.0000 -0.6293 -0.0000 0.7771
1620705029.340517 4.2382 0.0250 -2.8272 -0.0000 -0.6293 -0.0000 0.7771
1620705029.373850 4.1893 0.0250 -2.8168 -0.0000 -0.6293 -0.0000 0.7771
1620705029.407183 4.1404 0.0250 -2.8064 -0.0000 -0.6293 -0.0000 0.7771
1620705029.440516 4.0915 0.0250 -2.7960 -0.0000 -0.6293 -0.0000 0.7771
1620705029.473850 4.0426 0.0250 -2.7856 -0.0000 -0.6293 -0.0000 0.7771
1620705029.507183 3.9937 0.0250 -2.7752 -0.0000 -0.6293 -0.0000 0.7771
1620705029.540516 3.9448 0.0250 -2.7648 -0.0000 -0.6293 -0.0000 0.7771
1620705029.573850 3.8959 0.0250 -2.7544 -0.0000 -0.6293 -0.0000 0.7771
1620705029.607183 3.8470 0.0250 -2.7440 -0.0000 -0.6293 -0.0000 0.7771
1620705029.640516 3.7981 0.0250 -2.7336 -0.0000 -0.6293 -0.0000 0.7771
1620705029.673850 3.7492 0.0250 -2.7232 -0.0000 -0.6293 -0.0000 0.7771
