# ground truth trajectory
# file: 'rgbd_dataset_freiburg1_xyz.bag'
# timestamp tx ty tz qx qy qz qw
1620697087.298792 0.0000 -0.0000 -0.0000 -0.0000 -0.0000 -0.0000 1.0000
1620697087.332126 0.0000 -0.0035 0.0300 -0.0000 -0.0000 -0.0000 1.0000
1620697087.365459 0.0000 -0.0071 0.0600 -0.0000 -0.0000 -0.0000 1.0000
1620697087.398792 0.0000 -0.0106 0.0900 -0.0000 -0.0000 -0.0000 1.0000
1620697087.432126 0.0000 -0.0142 0.1200 -0.0000 -0.0000 -0.0000 1.0000
1620697087.465459 0.0000 -0.0142 0.1244 -0.0000 0.0087 -0.0000 1.0000
1620697087.498792 0.0002 -0.0142 0.1287 -0.0000 0.0175 -0.0000 0.9998
1620697087.532125 0.0003 -0.0142 0.1331 -0.0000 0.0262 -0.0000 0.9997
1620697087.565459 0.0006 -0.0142 0.1374 -0.0000 0.0349 -0.0000 0.9994
1620697087.598792 0.0010 -0.0142 0.1418 -0.0000 0.0436 -0.0000 0.9990
1620697087.632125 0.0014 -0.0142 0.1461 -0.0000 0.0523 -0.0000 0.9986
1620697087.665459 0.0019 -0.0142 0.1505 -0.0000 0.0610 -0.0000 0.9981
1620697087.698792 0.0024 -0.0142 0.1548 -0.0000 0.0698 -0.0000 0.9976
1620697087.732125 0.0031 -0.0142 0.1591 -0.0000 0.0785 -0.0000 0.9969
1620697087.765459 0.0038 -0.0142 0.1634 -0.0000 0.0872 -0.0000 0.9962
1620697087.798792 0.0046 -0.0142 0.1677 -0.0000 0.0958 -0.0000 0.9954
1620697087.832125 0.0055 -0.0142 0.1720 -0.0000 0.1045 -0.0000 0.9945
1620697087.865458 0.0064 -0.0142 0.1762 -0.0000 0.1132 -0.0000 0.9936
1620697087.898792 0.0074 -0.0142 0.1805 -0.0000 0.1219 -0.0000 0.9925
1620697087.932125 0.0085 -0.0142 0.1847 -0.0000 0.1305 -0.0000 0.9914
1620697087.965458 0.0097 -0.0142 0.1889 -0.0000 0.1392 -0.0000 0.9903
1620697087.998792 0.0109 -0.0142 0.1931 -0.0000 0.1478 -0.0000 0.9890
1620697088.032125 0.0122 -0.0142 0.1973 -0.0000 0.1564 -0.0000 0.9877
1620697088.065458 0.0136 -0.0142 0.2014 -0.0000 0.1650 -0.0000 0.9863
1620697088.098792 0.0151 -0.0142 0.2055 -0.0000 0.1736 -0.0000 0.9848
1620697088.132125 0.0166 -0.0142 0.2096 -0.0000 0.1822 -0.0000 0.9833
1620697088.165458 0.0182 -0.0142 0.2137 -0.0000 0.1908 -0.0000 0.9816
1620697088.198792 0.0199 -0.0142 0.2177 -0.0000 0.1994 -0.0000 0.9799
1620697088.232125 0.0216 -0.0142 0.2217 -0.0000 0.2079 -0.0000 0.9781
1620697088.265458 0.0234 -0.0142 0.2257 -0.0000 0.2164 -0.0000 0.9763
1620697088.298791 0.0253 -0.0142 0.2296 -0.0000 0.2250 -0.0000 0.9744
1620697088.332125 0.0272 -0.0142 0.2335 -0.0000 0.2334 -0.0000 0.9724
1620697088.365458 0.0293 -0.0142 0.2374 -0.0000 0.2419 -0.0000 0.9703
1620697088.398791 0.0313 -0.0142 0.2412 -0.0000 0.2504 -0.0000 0.9681
1620697088.432125 0.0335 -0.0142 0.2450 -0.0000 0.2588 -0.0000 0.9659
1620697088.465458 0.0357 -0.0142 0.2488 -0.0000 0.2672 -0.0000 0.9636
1620697088.498791 0.0380 -0.0142 0.2525 -0.0000 0.2756 -0.0000 0.9613
1620697088.532125 0.0403 -0.0142 0.2562 -0.0000 0.2840 -0.0000 0.9588
1620697088.565458 0.0427 -0.0142 0.2598 -0.0000 0.2924 -0.0000 0.9563
1620697088.598791 0.0452 -0.0142 0.2634 -0.0000 0.3007 -0.0000 0.9537
1620697088.632124 0.0477 -0.0142 0.2669 -0.0000 0.3090 -0.0000 0.9511
1620697088.665458 0.0503 -0.0142 0.2705 -0.0000 0.3173 -0.0000 0.9483
1620697088.698791 0.0530 -0.0142 0.2739 -0.0000 0.3256 -0.0000 0.9455
1620697088.732124 0.0557 -0.0142 0.2773 -0.0000 0.3338 -0.0000 0.9426
1620697088.765458 0.0585 -0.0142 0.2807 -0.0000 0.3420 -0.0000 0.9397
1620697088.798791 0.0613 -0.0142 0.2840 -0.0000 0.3502 -0.0000 0.9367
1620697088.832124 0.0642 -0.0142 0.2873 -0.0000 0.3584 -0.0000 0.9336
1620697088.865458 0.0672 -0.0142 0.2905 -0.0000 0.3665 -0.0000 0.9304
1620697088.898791 0.0702 -0.0142 0.2937 -0.0000 0.3746 -0.0000 0.9272
1620697088.932124 0.0732 -0.0142 0.2968 -0.0000 0.3827 -0.0000 0.9239
1620697088.965457 0.0763 -0.0142 0.2998 -0.0000 0.3907 -0.0000 0.9205
1620697088.998791 0.0795 -0.0142 0.3028 -0.0000 0.3987 -0.0000 0.9171
1620697089.032124 0.0827 -0.0142 0.3058 -0.0000 0.4067 -0.0000 0.9135
1620697089.065457 0.0860 -0.0142 0.3087 -0.0000 0.4147 -0.0000 0.9100
1620697089.098791 0.0893 -0.0142 0.3115 -0.0000 0.4226 -0.0000 0.9063
1620697089.132124 0.0927 -0.0142 0.3143 -0.0000 0.4305 -0.0000 0.9026
1620697089.165457 0.0961 -0.0142 0.3170 -0.0000 0.4384 -0.0000 0.8988
1620697089.198791 0.0995 -0.0142 0.3197 -0.0000 0.4462 -0.0000 0.8949
1620697089.232124 0.1031 -0.0142 0.3223 -0.0000 0.4540 -0.0000 0.8910
1620697089.265457 0.1066 -0.0142 0.3248 -0.0000 0.4617 -0.0000 0.8870
1620697089.298790 0.1102 -0.0142 0.3273 -0.0000 0.4695 -0.0000 0.8829
1620697089.332124 0.1138 -0.0142 0.3297 -0.0000 0.4772 -0.0000 0.8788
1620697089.365457 0.1175 -0.0142 0.3320 -0.0000 0.4848 -0.0000 0.8746
1620697089.398790 0.1212 -0.0142 0.3343 -0.0000 0.4924 -0.0000 0.8704
1620697089.432124 0.1250 -0.0142 0.3365 -0.0000 0.5000 -0.0000 0.8660
1620697089.465457 0.1288 -0.0142 0.3387 -0.0000 0.5075 -0.0000 0.8616
1620697089.498790 0.1326 -0.0142 0.3407 -0.0000 0.5150 -0.0000 0.8572
1620697089.532124 0.1365 -0.0142 0.3428 -0.0000 0.5225 -0.0000 0.8526
1620697089.565457 0.1404 -0.0142 0.3447 -0.0000 0.5299 -0.0000 0.8480
1620697089.598790 0.1443 -0.0142 0.3466 -0.0000 0.5373 -0.0000 0.8434
1620697089.632123 0.1483 -0.0142 0.3484 -0.0000 0.5446 -0.0000 0.8387
1620697089.665457 0.1523 -0.0142 0.3501 -0.0000 0.5519 -0.0000 0.8339
1620697089.698790 0.1563 -0.0142 0.3518 -0.0000 0.5592 -0.0000 0.8290
1620697089.732123 0.1604 -0.0142 0.3534 -0.0000 0.5664 -0.0000 0.8241
1620697089.765457 0.1645 -0.0142 0.3549 -0.0000 0.5736 -0.0000 0.8192
1620697089.798790 0.1686 -0.0142 0.3564 -0.0000 0.5807 -0.0000 0.8141
1620697089.832123 0.1727 -0.0142 0.3578 -0.0000 0.5878 -0.0000 0.8090
1620697089.865457 0.1769 -0.0142 0.3591 -0.0000 0.5948 -0.0000 0.8039
1620697089.898790 0.1811 -0.0142 0.3603 -0.0000 0.6018 -0.0000 0.7986
1620697089.932123 0.1853 -0.0142 0.3615 -0.0000 0.6088 -0.0000 0.7934
1620697089.965456 0.1895 -0.0142 0.3626 -0.0000 0.6157 -0.0000 0.7880
1620697089.998790 0.1938 -0.0142 0.3636 -0.0000 0.6225 -0.0000 0.7826
1620697090.032123 0.1980 -0.0142 0.3645 -0.0000 0.6293 -0.0000 0.7771
1620697090.065456 0.2023 -0.0142 0.3654 -0.0000 0.6361 -0.0000 0.7716
1620697090.098790 0.2066 -0.0142 0.3662 -0.0000 0.6428 -0.0000 0.7660
1620697090.132123 0.2109 -0.0142 0.3669 -0.0000 0.6494 -0.0000 0.7604
1620697090.165456 0.2152 -0.0142 0.3676 -0.0000 0.6561 -0.0000 0.7547
1620697090.198790 0.2195 -0.0142 0.3681 -0.0000 0.6626 -0.0000 0.7490
1620697090.232123 0.2239 -0.0142 0.3686 -0.0000 0.6691 -0.0000 0.7431
1620697090.265456 0.2282 -0.0142 0.3690 -0.0000 0.6756 -0.0000 0.7373
1620697090.298790 0.2326 -0.0142 0.3694 -0.0000 0.6820 -0.0000 0.7314
1620697090.332123 0.2369 -0.0142 0.3697 -0.0000 0.6884 -0.0000 0.7254
1620697090.365456 0.2413 -0.0142 0.3698 -0.0000 0.6947 -0.0000 0.7193
1620697090.398789 0.2456 -0.0142 0.3700 -0.0000 0.7009 -0.0000 0.7133
1620697090.432123 0.2500 -0.0142 0.3700 -0.0000 0.7071 -0.0000 0.7071
1620697090.465456 0.2544 -0.0142 0.3700 -0.0000 0.7133 -0.0000 0.7009
1620697090.498789 0.2587 -0.0142 0.3698 -0.0000 0.7193 -0.0000 0.6947
1620697090.532123 0.2631 -0.0142 0.3697 -0.0000 0.7254 -0.0000 0.6884
1620697090.565456 0.2674 -0.0142 0.3694 -0.0000 0.7314 -0.0000 0.6820
1620697090.598789 0.2718 -0.0142 0.3690 -0.0000 0.7373 -0.0000 0.6756
1620697090.632123 0.2761 -0.0142 0.3686 -0.0000 0.7431 -0.0000 0.6691
1620697090.665456 0.2805 -0.0142 0.3681 -0.0000 0.7490 -0.0000 0.6626
1620697090.698789 0.2848 -0.0142 0.3676 -0.0000 0.7547 -0.0000 0.6561
1620697090.732122 0.2891 -0.0142 0.3669 -0.0000 0.7604 -0.0000 0.6494
1620697090.765456 0.2934 -0.0142 0.3662 -0.0000 0.7660 -0.0000 0.6428
1620697090.798789 0.2977 -0.0142 0.3654 -0.0000 0.7716 -0.0000 0.6361
1620697090.832122 0.3020 -0.0142 0.3645 -0.0000 0.7771 -0.0000 0.6293
1620697090.865456 0.3062 -0.0142 0.3636 -0.0000 0.7826 -0.0000 0.6225
1620697090.898789 0.3105 -0.0142 0.3626 -0.0000 0.7880 -0.0000 0.6157
1620697090.932122 0.3147 -0.0142 0.3615 -0.0000 0.7934 -0.0000 0.6088
1620697090.965456 0.3189 -0.0142 0.3603 -0.0000 0.7986 -0.0000 0.6018
1620697090.998789 0.3231 -0.0142 0.3591 -0.0000 0.8039 -0.0000 0.5948
1620697091.032122 0.3273 -0.0142 0.3578 -0.0000 0.8090 -0.0000 0.5878
1620697091.065455 0.3314 -0.0142 0.3564 -0.0000 0.8141 -0.0000 0.5807
1620697091.098789 0.3355 -0.0142 0.3549 -0.0000 0.8192 -0.0000 0.5736
1620697091.132122 0.3637 -0.0090 0.3447 -0.0000 0.8192 -0.0000 0.5736
1620697091.165455 0.3919 -0.0039 0.3344 -0.0000 0.8192 -0.0000 0.5736
1620697091.198789 0.4201 0.0013 0.3241 -0.0000 0.8192 -0.0000 0.5736
1620697091.232122 0.4483 0.0064 0.3139 -0.0000 0.8192 -0.0000 0.5736
1620697091.265455 0.4765 0.0116 0.3036 -0.0000 0.8192 -0.0000 0.5736
1620697091.298789 0.5046 0.0167 0.2934 -0.0000 0.8192 -0.0000 0.5736
1620697091.332122 0.5328 0.0219 0.2831 -0.0000 0.8192 -0.0000 0.5736
1620697091.365455 0.5369 0.0219 0.2816 -0.0000 0.8241 -0.0000 0.5664
1620697091.398788 0.5410 0.0219 0.2800 -0.0000 0.8290 -0.0000 0.5592
1620697091.432122 0.5450 0.0219 0.2783 -0.0000 0.8339 -0.0000 0.5519
1620697091.465455 0.5490 0.0219 0.2766 -0.0000 0.8387 -0.0000 0.5446
1620697091.498788 0.5530 0.0219 0.2748 -0.0000 0.8434 -0.0000 0.5373
1620697091.532122 0.5569 0.0219 0.2729 -0.0000 0.8480 -0.0000 0.5299
1620697091.565455 0.5608 0.0219 0.2709 -0.0000 0.8526 -0.0000 0.5225
1620697091.598788 0.5647 0.0219 0.2689 -0.0000 0.8572 -0.0000 0.5150
1620697091.632122 0.5685 0.0219 0.2668 -0.0000 0.8616 -0.0000 0.5075
1620697091.665455 0.5723 0.0219 0.2647 -0.0000 0.8660 -0.0000 0.5000
1620697091.698788 0.5761 0.0219 0.2625 -0.0000 0.8704 -0.0000 0.4924
1620697091.732121 0.5798 0.0219 0.2602 -0.0000 0.8746 -0.0000 0.4848
1620697091.765455 0.5835 0.0219 0.2578 -0.0000 0.8788 -0.0000 0.4772
1620697091.798788 0.6087 0.0250 0.2415 -0.0000 0.8788 -0.0000 0.4772
1620697091.832121 0.6338 0.0250 0.2252 -0.0000 0.8788 -0.0000 0.4772
1620697091.865455 0.6590 0.0250 0.2088 -0.0000 0.8788 -0.0000 0.4772
1620697091.898788 0.6841 0.0250 0.1925 -0.0000 0.8788 -0.0000 0.4772
1620697091.932121 0.7093 0.0250 0.1761 -0.0000 0.8788 -0.0000 0.4772
1620697091.965455 0.7345 0.0250 0.1598 -0.0000 0.8788 -0.0000 0.4772
1620697091.998788 0.7596 0.0250 0.1435 -0.0000 0.8788 -0.0000 0.4772
1620697092.032121 0.7848 0.0250 0.1271 -0.0000 0.8788 -0.0000 0.4772
1620697092.065454 0.8099 0.0250 0.1108 -0.0000 0.8788 -0.0000 0.4772
1620697092.098788 0.8136 0.0250 0.1084 -0.0000 0.8829 -0.0000 0.4695
1620697092.132121 0.8172 0.0250 0.1059 -0.0000 0.8870 -0.0000 0.4617
1620697092.165454 0.8207 0.0250 0.1034 -0.0000 0.8910 -0.0000 0.4540
1620697092.198788 0.8242 0.0250 0.1008 -0.0000 0.8949 -0.0000 0.4462
1620697092.232121 0.8277 0.0250 0.0981 -0.0000 0.8988 -0.0000 0.4384
1620697092.265454 0.8311 0.0250 0.0954 -0.0000 0.9026 -0.0000 0.4305
1620697092.298788 0.8345 0.0250 0.0926 -0.0000 0.9063 -0.0000 0.4226
1620697092.332121 0.8378 0.0250 0.0898 -0.0000 0.9100 -0.0000 0.4147
1620697092.365454 0.8411 0.0250 0.0869 -0.0000 0.9135 -0.0000 0.4067
1620697092.398787 0.8443 0.0250 0.0840 -0.0000 0.9171 -0.0000 0.3987
1620697092.432121 0.8662 0.0250 0.0635 -0.0000 0.9171 -0.0000 0.3987
1620697092.465454 0.8882 0.0250 0.0430 -0.0000 0.9171 -0.0000 0.3987
1620697092.498787 0.9101 0.0250 0.0226 -0.0000 0.9171 -0.0000 0.3987
1620697092.532121 0.9320 0.0250 0.0021 -0.0000 0.9171 -0.0000 0.3987
1620697092.565454 0.9540 0.0250 -0.0183 -0.0000 0.9171 -0.0000 0.3987
1620697092.598787 0.9759 0.0250 -0.0388 -0.0000 0.9171 -0.0000 0.3987
1620697092.632121 0.9979 0.0250 -0.0593 -0.0000 0.9171 -0.0000 0.3987
1620697092.665454 1.0198 0.0250 -0.0797 -0.0000 0.9171 -0.0000 0.3987
1620697092.698787 1.0417 0.0250 -0.1002 -0.0000 0.9171 -0.0000 0.3987
1620697092.732121 1.0637 0.0250 -0.1206 -0.0000 0.9171 -0.0000 0.3987
1620697092.765454 1.0856 0.0250 -0.1411 -0.0000 0.9171 -0.0000 0.3987
1620697092.798787 1.1076 0.0250 -0.1616 -0.0000 0.9171 -0.0000 0.3987
1620697092.832120 1.1295 0.0250 -0.1820 -0.0000 0.9171 -0.0000 0.3987
1620697092.865454 1.1514 0.0250 -0.2025 -0.0000 0.9171 -0.0000 0.3987
1620697092.898787 1.1734 0.0250 -0.2229 -0.0000 0.9171 -0.0000 0.3987
1620697092.932120 1.1953 0.0250 -0.2434 -0.0000 0.9171 -0.0000 0.3987
1620697092.965454 1.2173 0.0250 -0.2639 -0.0000 0.9171 -0.0000 0.3987
1620697092.998787 1.2392 0.0250 -0.2843 -0.0000 0.9171 -0.0000 0.3987
1620697093.032120 1.2611 0.0250 -0.3048 -0.0000 0.9171 -0.0000 0.3987
1620697093.065454 1.2831 0.0250 -0.3252 -0.0000 0.9171 -0.0000 0.3987
1620697093.098787 1.3050 0.0250 -0.3457 -0.0000 0.9171 -0.0000 0.3987
1620697093.132120 1.3270 0.0250 -0.3662 -0.0000 0.9171 -0.0000 0.3987
1620697093.165453 1.3489 0.0250 -0.3866 -0.0000 0.9171 -0.0000 0.3987
1620697093.198787 1.3709 0.0250 -0.4071 -0.0000 0.9171 -0.0000 0.3987
1620697093.232120 1.3928 0.0250 -0.4275 -0.0000 0.9171 -0.0000 0.3987
1620697093.265453 1.4147 0.0250 -0.4480 -0.0000 0.9171 -0.0000 0.3987
1620697093.298787 1.4367 0.0250 -0.4685 -0.0000 0.9171 -0.0000 0.3987
1620697093.332120 1.4586 0.0250 -0.4889 -0.0000 0.9171 -0.0000 0.3987
1620697093.365453 1.4806 0.0250 -0.5094 -0.0000 0.9171 -0.0000 0.3987
1620697093.398787 1.5025 0.0250 -0.5298 -0.0000 0.9171 -0.0000 0.3987
1620697093.432120 1.5244 0.0250 -0.5503 -0.0000 0.9171 -0.0000 0.3987
1620697093.465453 1.5464 0.0250 -0.5708 -0.0000 0.9171 -0.0000 0.3987
1620697093.498786 1.5683 0.0250 -0.5912 -0.0000 0.9171 -0.0000 0.3987
1620697093.532120 1.5903 0.0250 -0.6117 -0.0000 0.9171 -0.0000 0.3987
1620697093.565453 1.6122 0.0250 -0.6321 -0.0000 0.9171 -0.0000 0.3987
1620697093.598786 1.6341 0.0250 -0.6526 -0.0000 0.9171 -0.0000 0.3987
1620697093.632120 1.6561 0.0250 -0.6731 -0.0000 0.9171 -0.0000 0.3987
1620697093.665453 1.6780 0.0250 -0.6935 -0.0000 0.9171 -0.0000 0.3987
1620697093.698786 1.7000 0.0250 -0.7140 -0.0000 0.9171 -0.0000 0.3987
1620697093.732120 1.7219 0.0250 -0.7344 -0.0000 0.9171 -0.0000 0.3987
1620697093.765453 1.7438 0.0250 -0.7549 -0.0000 0.9171 -0.0000 0.3987
1620697093.798786 1.7658 0.0250 -0.7754 -0.0000 0.9171 -0.0000 0.3987
1620697093.832119 1.7626 0.0250 -0.7724 -0.0000 0.9135 -0.0000 0.4067
1620697093.865453 1.7593 0.0250 -0.7695 -0.0000 0.9100 -0.0000 0.4147
1620697093.898786 1.7560 0.0250 -0.7667 -0.0000 0.9063 -0.0000 0.4226
1620697093.932119 1.7526 0.0250 -0.7639 -0.0000 0.9026 -0.0000 0.4305
1620697093.965453 1.7492 0.0250 -0.7612 -0.0000 0.8988 -0.0000 0.4384
1620697093.998786 1.7457 0.0250 -0.7585 -0.0000 0.8949 -0.0000 0.4462
1620697094.032119 1.7422 0.0250 -0.7559 -0.0000 0.8910 -0.0000 0.4540
1620697094.065453 1.7387 0.0250 -0.7534 -0.0000 0.8870 -0.0000 0.4617
1620697094.098786 1.7351 0.0250 -0.7509 -0.0000 0.8829 -0.0000 0.4695
1620697094.132119 1.7314 0.0250 -0.7485 -0.0000 0.8788 -0.0000 0.4772
1620697094.165452 1.7278 0.0250 -0.7462 -0.0000 0.8746 -0.0000 0.4848
1620697094.198786 1.7240 0.0250 -0.7439 -0.0000 0.8704 -0.0000 0.4924
1620697094.232119 1.7203 0.0250 -0.7417 -0.0000 0.8660 -0.0000 0.5000
1620697094.265452 1.7165 0.0250 -0.7395 -0.0000 0.8616 -0.0000 0.5075
1620697094.298786 1.7127 0.0250 -0.7375 -0.0000 0.8572 -0.0000 0.5150
1620697094.332119 1.7088 0.0250 -0.7354 -0.0000 0.8526 -0.0000 0.5225
1620697094.365452 1.7049 0.0250 -0.7335 -0.0000 0.8480 -0.0000 0.5299
1620697094.398786 1.7009 0.0250 -0.7316 -0.0000 0.8434 -0.0000 0.5373
1620697094.432119 1.6970 0.0250 -0.7298 -0.0000 0.8387 -0.0000 0.5446
1620697094.465452 1.7244 0.0250 -0.7420 -0.0000 0.8387 -0.0000 0.5446
1620697094.498785 1.7518 0.0250 -0.7542 -0.0000 0.8387 -0.0000 0.5446
1620697094.532119 1.7792 0.0250 -0.7664 -0.0000 0.8387 -0.0000 0.5446
1620697094.565452 1.8066 0.0250 -0.7786 -0.0000 0.8387 -0.0000 0.5446
1620697094.598785 1.8340 0.0250 -0.7908 -0.0000 0.8387 -0.0000 0.5446
1620697094.632119 1.8614 0.0250 -0.8030 -0.0000 0.8387 -0.0000 0.5446
1620697094.665452 1.8888 0.0250 -0.8152 -0.0000 0.8387 -0.0000 0.5446
1620697094.698785 1.9162 0.0250 -0.8274 -0.0000 0.8387 -0.0000 0.5446
1620697094.732119 1.9436 0.0250 -0.8396 -0.0000 0.8387 -0.0000 0.5446
1620697094.765452 1.9710 0.0250 -0.8518 -0.0000 0.8387 -0.0000 0.5446
1620697094.798785 1.9984 0.0250 -0.8640 -0.0000 0.8387 -0.0000 0.5446
1620697094.832119 2.0258 0.0250 -0.8762 -0.0000 0.8387 -0.0000 0.5446
1620697094.865452 2.0218 0.0250 -0.8745 -0.0000 0.8339 -0.0000 0.5519
1620697094.898785 2.0178 0.0250 -0.8728 -0.0000 0.8290 -0.0000 0.5592
1620697094.932118 2.0138 0.0250 -0.8712 -0.0000 0.8241 -0.0000 0.5664
1620697094.965452 2.0097 0.0250 -0.8697 -0.0000 0.8192 -0.0000 0.5736
1620697094.998785 2.0056 0.0250 -0.8682 -0.0000 0.8141 -0.0000 0.5807
1620697095.032118 2.0014 0.0250 -0.8669 -0.0000 0.8090 -0.0000 0.5878
1620697095.065452 1.9973 0.0250 -0.8655 -0.0000 0.8039 -0.0000 0.5948
1620697095.098785 1.9931 0.0250 -0.8643 -0.0000 0.7986 -0.0000 0.6018
1620697095.132118 1.9889 0.0250 -0.8631 -0.0000 0.7934 -0.0000 0.6088
1620697095.165452 1.9846 0.0250 -0.8620 -0.0000 0.7880 -0.0000 0.6157
1620697095.198785 1.9804 0.0250 -0.8610 -0.0000 0.7826 -0.0000 0.6225
1620697095.232118 1.9761 0.0250 -0.8601 -0.0000 0.7771 -0.0000 0.6293
1620697095.265451 1.9719 0.0250 -0.8592 -0.0000 0.7716 -0.0000 0.6361
1620697095.298785 1.9676 0.0250 -0.8584 -0.0000 0.7660 -0.0000 0.6428
1620697095.332118 1.9971 0.0250 -0.8636 -0.0000 0.7660 -0.0000 0.6428
1620697095.365451 2.0267 0.0250 -0.8688 -0.0000 0.7660 -0.0000 0.6428
1620697095.398785 2.0562 0.0250 -0.8740 -0.0000 0.7660 -0.0000 0.6428
1620697095.432118 2.0857 0.0250 -0.8793 -0.0000 0.7660 -0.0000 0.6428
1620697095.465451 2.1153 0.0250 -0.8845 -0.0000 0.7660 -0.0000 0.6428
1620697095.498785 2.1448 0.0250 -0.8897 -0.0000 0.7660 -0.0000 0.6428
1620697095.532118 2.1744 0.0250 -0.8949 -0.0000 0.7660 -0.0000 0.6428
1620697095.565451 2.2039 0.0250 -0.9001 -0.0000 0.7660 -0.0000 0.6428
1620697095.598784 2.2335 0.0250 -0.9053 -0.0000 0.7660 -0.0000 0.6428
1620697095.632118 2.2630 0.0250 -0.9105 -0.0000 0.7660 -0.0000 0.6428
1620697095.665451 2.2926 0.0250 -0.9157 -0.0000 0.7660 -0.0000 0.6428
1620697095.698784 2.3221 0.0250 -0.9209 -0.0000 0.7660 -0.0000 0.6428
1620697095.732118 2.3516 0.0250 -0.9261 -0.0000 0.7660 -0.0000 0.6428
1620697095.765451 2.3812 0.0250 -0.9313 -0.0000 0.7660 -0.0000 0.6428
1620697095.798784 2.4107 0.0250 -0.9366 -0.0000 0.7660 -0.0000 0.6428
1620697095.832118 2.4403 0.0250 -0.9418 -0.0000 0.7660 -0.0000 0.6428
1620697095.865451 2.4698 0.0250 -0.9470 -0.0000 0.7660 -0.0000 0.6428
1620697095.898784 2.4994 0.0250 -0.9522 -0.0000 0.7660 -0.0000 0.6428
1620697095.932117 2.5289 0.0250 -0.9574 -0.0000 0.7660 -0.0000 0.6428
1620697095.965451 2.5585 0.0250 -0.9626 -0.0000 0.7660 -0.0000 0.6428
1620697095.998784 2.5880 0.0250 -0.9678 -0.0000 0.7660 -0.0000 0.6428
1620697096.032117 2.6175 0.0250 -0.9730 -0.0000 0.7660 -0.0000 0.6428
1620697096.065451 2.6132 0.0250 -0.9723 -0.0000 0.7604 -0.0000 0.6494
1620697096.098784 2.6089 0.0250 -0.9717 -0.0000 0.7547 -0.0000 0.6561
1620697096.132117 2.6046 0.0250 -0.9711 -0.0000 0.7490 -0.0000 0.6626
1620697096.165451 2.6003 0.0250 -0.9706 -0.0000 0.7431 -0.0000 0.6691
1620697096.198784 2.5959 0.0250 -0.9702 -0.0000 0.7373 -0.0000 0.6756
1620697096.232117 2.5916 0.0250 -0.9698 -0.0000 0.7314 -0.0000 0.6820
1620697096.265450 2.6215 0.0250 -0.9719 -0.0000 0.7314 -0.0000 0.6820
1620697096.298784 2.6514 0.0250 -0.9740 -0.0000 0.7314 -0.0000 0.6820
1620697096.332117 2.6814 0.0250 -0.9761 -0.0000 0.7314 -0.0000 0.6820
1620697096.365450 2.7113 0.0250 -0.9782 -0.0000 0.7314 -0.0000 0.6820
1620697096.398784 2.7412 0.0250 -0.9803 -0.0000 0.7314 -0.0000 0.6820
1620697096.432117 2.7711 0.0250 -0.9824 -0.0000 0.7314 -0.0000 0.6820
1620697096.465450 2.8011 0.0250 -0.9845 -0.0000 0.7314 -0.0000 0.6820
1620697096.498784 2.8310 0.0250 -0.9866 -0.0000 0.7314 -0.0000 0.6820
1620697096.532117 2.8609 0.0250 -0.9887 -0.0000 0.7314 -0.0000 0.6820
1620697096.565450 2.8908 0.0250 -0.9908 -0.0000 0.7314 -0.0000 0.6820
1620697096.598783 2.9208 0.0250 -0.9929 -0.0000 0.7314 -0.0000 0.6820
1620697096.632117 2.9507 0.0250 -0.9949 -0.0000 0.7314 -0.0000 0.6820
1620697096.665450 2.9806 0.0250 -0.9970 -0.0000 0.7314 -0.0000 0.6820
1620697096.698783 3.0106 0.0250 -0.9991 -0.0000 0.7314 -0.0000 0.6820
1620697096.732117 3.0405 0.0250 -1.0012 -0.0000 0.7314 -0.0000 0.6820
1620697096.765450 3.0704 0.0250 -1.0033 -0.0000 0.7314 -0.0000 0.6820
1620697096.798783 3.1003 0.0250 -1.0054 -0.0000 0.7314 -0.0000 0.6820
1620697096.832117 3.1303 0.0250 -1.0075 -0.0000 0.7314 -0.0000 0.6820
1620697096.865450 3.1602 0.0250 -1.0096 -0.0000 0.7314 -0.0000 0.6820
1620697096.898783 3.1901 0.0250 -1.0117 -0.0000 0.7314 -0.0000 0.6820
1620697096.932117 3.2200 0.0250 -1.0138 -0.0000 0.7314 -0.0000 0.6820
1620697096.965450 3.2500 0.0250 -1.0159 -0.0000 0.7314 -0.0000 0.6820
1620697096.998783 3.2799 0.0250 -1.0180 -0.0000 0.7314 -0.0000 0.6820
1620697097.032116 3.3098 0.0250 -1.0201 -0.0000 0.7314 -0.0000 0.6820
1620697097.065450 3.3397 0.0250 -1.0222 -0.0000 0.7314 -0.0000 0.6820
1620697097.098783 3.3697 0.0250 -1.0242 -0.0000 0.7314 -0.0000 0.6820
1620697097.132116 3.3996 0.0250 -1.0263 -0.0000 0.7314 -0.0000 0.6820
1620697097.165450 3.4295 0.0250 -1.0284 -0.0000 0.7314 -0.0000 0.6820
1620697097.198783 3.4595 0.0250 -1.0305 -0.0000 0.7314 -0.0000 0.6820
1620697097.232116 3.4894 0.0250 -1.0326 -0.0000 0.7314 -0.0000 0.6820
1620697097.265450 3.5193 0.0250 -1.0347 -0.0000 0.7314 -0.0000 0.6820
1620697097.298783 3.5492 0.0250 -1.0368 -0.0000 0.7314 -0.0000 0.6820
1620697097.332116 3.5792 0.0250 -1.0389 -0.0000 0.7314 -0.0000 0.6820
1620697097.365449 3.6091 0.0250 -1.0410 -0.0000 0.7314 -0.0000 0.6820
1620697097.398783 3.6390 0.0250 -1.0431 -0.0000 0.7314 -0.0000 0.6820
1620697097.432116 3.6689 0.0250 -1.0452 -0.0000 0.7314 -0.0000 0.6820
1620697097.465449 3.6989 0.0250 -1.0473 -0.0000 0.7314 -0.0000 0.6820
1620697097.498783 3.7288 0.0250 -1.0494 -0.0000 0.7314 -0.0000 0.6820
1620697097.532116 3.7587 0.0250 -1.0515 -0.0000 0.7314 -0.0000 0.6820
1620697097.565449 3.7887 0.0250 -1.0535 -0.0000 0.7314 -0.0000 0.6820
1620697097.598783 3.8186 0.0250 -1.0556 -0.0000 0.7314 -0.0000 0.6820
1620697097.632116 3.8485 0.0250 -1.0577 -0.0000 0.7314 -0.0000 0.6820
1620697097.665449 3.8784 0.0250 -1.0598 -0.0000 0.7314 -0.0000 0.6820
1620697097.698782 3.9084 0.0250 -1.0619 -0.0000 0.7314 -0.0000 0.6820
1620697097.732116 3.9383 0.0250 -1.0640 -0.0000 0.7314 -0.0000 0.6820
1620697097.765449 3.9682 0.0250 -1.0661 -0.0000 0.7314 -0.0000 0.6820
1620697097.798782 3.9981 0.0250 -1.0682 -0.0000 0.7314 -0.0000 0.6820
1620697097.832116 4.0281 0.0250 -1.0703 -0.0000 0.7314 -0.0000 0.6820
1620697097.865449 4.0580 0.0250 -1.0724 -0.0000 0.7314 -0.0000 0.6820
1620697097.898782 4.0879 0.0250 -1.0745 -0.0000 0.7314 -0.0000 0.6820
1620697097.932116 4.1179 0.0250 -1.0766 -0.0000 0.7314 -0.0000 0.6820
1620697097.965449 4.1478 0.0250 -1.0787 -0.0000 0.7314 -0.0000 0.6820
1620697097.998782 4.1777 0.0250 -1.0807 -0.0000 0.7314 -0.0000 0.6820
1620697098.032115 4.2076 0.0250 -1.0828 -0.0000 0.7314 -0.0000 0.6820
1620697098.065449 4.2376 0.0250 -1.0849 -0.0000 0.7314 -0.0000 0.6820
1620697098.098782 4.2675 0.0250 -1.0870 -0.0000 0.7314 -0.0000 0.6820
1620697098.132115 4.2974 0.0250 -1.0891 -0.0000 0.7314 -0.0000 0.6820
1620697098.165449 4.3273 0.0250 -1.0912 -0.0000 0.7314 -0.0000 0.6820
1620697098.198782 4.3573 0.0250 -1.0933 -0.0000 0.7314 -0.0000 0.6820
1620697098.232115 4.3872 0.0250 -1.0954 -0.0000 0.7314 -0.0000 0.6820
1620697098.265449 4.4171 0.0250 -1.0975 -0.0000 0.7314 -0.0000 0.6820
1620697098.298782 4.4470 0.0250 -1.0996 -0.0000 0.7314 -0.0000 0.6820
1620697098.332115 4.4770 0.0250 -1.1017 -0.0000 0.7314 -0.0000 0.6820
1620697098.365448 4.5069 0.0250 -1.1038 -0.0000 0.7314 -0.0000 0.6820
1620697098.398782 4.5025 0.0250 -1.1035 -0.0000 0.7254 -0.0000 0.6884
1620697098.432115 4.4982 0.0250 -1.1033 -0.0000 0.7193 -0.0000 0.6947
1620697098.465448 4.4938 0.0250 -1.1032 -0.0000 0.7133 -0.0000 0.7009
1620697098.498782 4.4895 0.0250 -1.1032 -0.0000 0.7071 -0.0000 0.7071
1620697098.532115 4.4851 0.0250 -1.1032 -0.0000 0.7009 -0.0000 0.7133
1620697098.565448 4.4807 0.0250 -1.1033 -0.0000 0.6947 -0.0000 0.7193
1620697098.598782 4.4764 0.0250 -1.1035 -0.0000 0.6884 -0.0000 0.7254
1620697098.632115 4.4720 0.0250 -1.1038 -0.0000 0.6820 -0.0000 0.7314
1620697098.665448 4.5019 0.0250 -1.1017 -0.0000 0.6820 -0.0000 0.7314
1620697098.698781 4.5319 0.0250 -1.0996 -0.0000 0.6820 -0.0000 0.7314
1620697098.732115 4.5618 0.0250 -1.0975 -0.0000 0.6820 -0.0000 0.7314
1620697098.765448 4.5917 0.0250 -1.0954 -0.0000 0.6820 -0.0000 0.7314
1620697098.798781 4.6217 0.0250 -1.0933 -0.0000 0.6820 -0.0000 0.7314
1620697098.832115 4.6516 0.0250 -1.0912 -0.0000 0.6820 -0.0000 0.7314
1620697098.865448 4.6815 0.0250 -1.0891 -0.0000 0.6820 -0.0000 0.7314
1620697098.898781 4.7114 0.0250 -1.0870 -0.0000 0.6820 -0.0000 0.7314
1620697098.932115 4.7414 0.0250 -1.0849 -0.0000 0.6820 -0.0000 0.7314
1620697098.965448 4.7713 0.0250 -1.0828 -0.0000 0.6820 -0.0000 0.7314
1620697098.998781 4.8012 0.0250 -1.0807 -0.0000 0.6820 -0.0000 0.7314
1620697099.032115 4.8311 0.0250 -1.0787 -0.0000 0.6820 -0.0000 0.7314
1620697099.065448 4.8611 0.0250 -1.0766 -0.0000 0.6820 -0.0000 0.7314
1620697099.098781 4.8910 0.0250 -1.0745 -0.0000 0.6820 -0.0000 0.7314
1620697099.132114 4.9209 0.0250 -1.0724 -0.0000 0.6820 -0.0000 0.7314
1620697099.165448 4.9508 0.0250 -1.0703 -0.0000 0.6820 -0.0000 0.7314
1620697099.198781 4.9808 0.0250 -1.0682 -0.0000 0.6820 -0.0000 0.7314
1620697099.232114 5.0107 0.0250 -1.0661 -0.0000 0.6820 -0.0000 0.7314
1620697099.265448 5.0406 0.0250 -1.0640 -0.0000 0.6820 -0.0000 0.7314
1620697099.298781 5.0706 0.0250 -1.0619 -0.0000 0.6820 -0.0000 0.7314
1620697099.332114 5.0662 0.0250 -1.0623 -0.0000 0.6756 -0.0000 0.7373
1620697099.365448 5.0619 0.0250 -1.0627 -0.0000 0.6691 -0.0000 0.7431
1620697099.398781 5.0575 0.0250 -1.0632 -0.0000 0.6626 -0.0000 0.7490
1620697099.432114 5.0532 0.0250 -1.0637 -0.0000 0.6561 -0.0000 0.7547
1620697099.465447 5.0489 0.0250 -1.0644 -0.0000 0.6494 -0.0000 0.7604
1620697099.498781 5.0446 0.0250 -1.0651 -0.0000 0.6428 -0.0000 0.7660
1620697099.532114 5.0403 0.0250 -1.0659 -0.0000 0.6361 -0.0000 0.7716
1620697099.565447 5.0360 0.0250 -1.0668 -0.0000 0.6293 -0.0000 0.7771
1620697099.598781 5.0318 0.0250 -1.0677 -0.0000 0.6225 -0.0000 0.7826
1620697099.632114 5.0275 0.0250 -1.0687 -0.0000 0.6157 -0.0000 0.7880
1620697099.665447 5.0233 0.0250 -1.0698 -0.0000 0.6088 -0.0000 0.7934
1620697099.698781 5.0191 0.0250 -1.0710 -0.0000 0.6018 -0.0000 0.7986
1620697099.732114 5.0149 0.0250 -1.0722 -0.0000 0.5948 -0.0000 0.8039
1620697099.765447 5.0107 0.0250 -1.0735 -0.0000 0.5878 -0.0000 0.8090
1620697099.798780 5.0066 0.0250 -1.0749 -0.0000 0.5807 -0.0000 0.8141
1620697099.832114 5.0025 0.0250 -1.0764 -0.0000 0.5736 -0.0000 0.8192
1620697099.865447 4.9984 0.0250 -1.0779 -0.0000 0.5664 -0.0000 0.8241
1620697099.898780 4.9943 0.0250 -1.0795 -0.0000 0.5592 -0.0000 0.8290
1620697099.932114 4.9903 0.0250 -1.0812 -0.0000 0.5519 -0.0000 0.8339
1620697099.965447 4.9863 0.0250 -1.0829 -0.0000 0.5446 -0.0000 0.8387
1620697099.998780 4.9823 0.0250 -1.0847 -0.0000 0.5373 -0.0000 0.8434
1620697100.032114 4.9784 0.0250 -1.0866 -0.0000 0.5299 -0.0000 0.8480
1620697100.065447 4.9745 0.0250 -1.0886 -0.0000 0.5225 -0.0000 0.8526
1620697100.098780 4.9706 0.0250 -1.0906 -0.0000 0.5150 -0.0000 0.8572
1620697100.132113 4.9668 0.0250 -1.0927 -0.0000 0.5075 -0.0000 0.8616
1620697100.165447 4.9630 0.0250 -1.0948 -0.0000 0.5000 -0.0000 0.8660
1620697100.198780 4.9592 0.0250 -1.0970 -0.0000 0.4924 -0.0000 0.8704
1620697100.232113 4.9850 0.0250 -1.0816 -0.0000 0.4924 -0.0000 0.8704
1620697100.265447 5.0107 0.0250 -1.0661 -0.0000 0.4924 -0.0000 0.8704
1620697100.298780 5.0364 0.0250 -1.0507 -0.0000 0.4924 -0.0000 0.8704
1620697100.332113 5.0621 0.0250 -1.0352 -0.0000 0.4924 -0.0000 0.8704
1620697100.365447 5.0878 0.0250 -1.0198 -0.0000 0.4924 -0.0000 0.8704
1620697100.398780 5.1135 0.0250 -1.0043 -0.0000 0.4924 -0.0000 0.8704
1620697100.432113 5.1392 0.0250 -0.9889 -0.0000 0.4924 -0.0000 0.8704
1620697100.465446 5.1650 0.0250 -0.9734 -0.0000 0.4924 -0.0000 0.8704
1620697100.498780 5.1907 0.0250 -0.9580 -0.0000 0.4924 -0.0000 0.8704
1620697100.532113 5.2164 0.0250 -0.9425 -0.0000 0.4924 -0.0000 0.8704
1620697100.565446 5.2421 0.0250 -0.9271 -0.0000 0.4924 -0.0000 0.8704
1620697100.598780 5.2678 0.0250 -0.9116 -0.0000 0.4924 -0.0000 0.8704
1620697100.632113 5.2935 0.0250 -0.8961 -0.0000 0.4924 -0.0000 0.8704
1620697100.665446 5.3192 0.0250 -0.8807 -0.0000 0.4924 -0.0000 0.8704
1620697100.698780 5.3450 0.0250 -0.8652 -0.0000 0.4924 -0.0000 0.8704
1620697100.732113 5.3412 0.0250 -0.8675 -0.0000 0.4848 -0.0000 0.8746
1620697100.765446 5.3376 0.0250 -0.8699 -0.0000 0.4772 -0.0000 0.8788
1620697100.798779 5.3339 0.0250 -0.8723 -0.0000 0.4695 -0.0000 0.8829
1620697100.832113 5.3303 0.0250 -0.8748 -0.0000 0.4617 -0.0000 0.8870
1620697100.865446 5.3268 0.0250 -0.8773 -0.0000 0.4540 -0.0000 0.8910
1620697100.898779 5.3233 0.0250 -0.8799 -0.0000 0.4462 -0.0000 0.8949
1620697100.932113 5.3198 0.0250 -0.8825 -0.0000 0.4384 -0.0000 0.8988
1620697100.965446 5.3164 0.0250 -0.8853 -0.0000 0.4305 -0.0000 0.9026
1620697100.998779 5.3130 0.0250 -0.8880 -0.0000 0.4226 -0.0000 0.9063
1620697101.032113 5.3097 0.0250 -0.8909 -0.0000 0.4147 -0.0000 0.9100
1620697101.065446 5.3064 0.0250 -0.8938 -0.0000 0.4067 -0.0000 0.9135
1620697101.098779 5.3032 0.0250 -0.8967 -0.0000 0.3987 -0.0000 0.9171
1620697101.132113 5.3001 0.0250 -0.8997 -0.0000 0.3907 -0.0000 0.9205
1620697101.165446 5.3216 0.0250 -0.8789 -0.0000 0.3907 -0.0000 0.9205
1620697101.198779 5.3432 0.0250 -0.8580 -0.0000 0.3907 -0.0000 0.9205
1620697101.232112 5.3648 0.0250 -0.8372 -0.0000 0.3907 -0.0000 0.9205
1620697101.265446 5.3864 0.0250 -0.8163 -0.0000 0.3907 -0.0000 0.9205
1620697101.298779 5.4080 0.0250 -0.7955 -0.0000 0.3907 -0.0000 0.9205
1620697101.332112 5.4295 0.0250 -0.7747 -0.0000 0.3907 -0.0000 0.9205
1620697101.365446 5.4511 0.0250 -0.7538 -0.0000 0.3907 -0.0000 0.9205
1620697101.398779 5.4727 0.0250 -0.7330 -0.0000 0.3907 -0.0000 0.9205
1620697101.432112 5.4696 0.0250 -0.7360 -0.0000 0.3827 -0.0000 0.9239
1620697101.465446 5.4665 0.0250 -0.7392 -0.0000 0.3746 -0.0000 0.9272
1620697101.498779 5.4635 0.0250 -0.7423 -0.0000 0.3665 -0.0000 0.9304
1620697101.532112 5.4606 0.0250 -0.7455 -0.0000 0.3584 -0.0000 0.9336
1620697101.565445 5.4577 0.0250 -0.7488 -0.0000 0.3502 -0.0000 0.9367
1620697101.598779 5.4548 0.0250 -0.7521 -0.0000 0.3420 -0.0000 0.9397
1620697101.632112 5.4521 0.0250 -0.7555 -0.0000 0.3338 -0.0000 0.9426
1620697101.665445 5.4710 0.0250 -0.7322 -0.0000 0.3338 -0.0000 0.9426
1620697101.698779 5.4898 0.0250 -0.7089 -0.0000 0.3338 -0.0000 0.9426
1620697101.732112 5.5087 0.0250 -0.6855 -0.0000 0.3338 -0.0000 0.9426
1620697101.765445 5.5276 0.0250 -0.6622 -0.0000 0.3338 -0.0000 0.9426
1620697101.798779 5.5465 0.0250 -0.6389 -0.0000 0.3338 -0.0000 0.9426
1620697101.832112 5.5654 0.0250 -0.6156 -0.0000 0.3338 -0.0000 0.9426
1620697101.865445 5.5626 0.0250 -0.6190 -0.0000 0.3256 -0.0000 0.9455
1620697101.898778 5.5600 0.0250 -0.6225 -0.0000 0.3173 -0.0000 0.9483
1620697101.932112 5.5574 0.0250 -0.6260 -0.0000 0.3090 -0.0000 0.9511
1620697101.965445 5.5548 0.0250 -0.6295 -0.0000 0.3007 -0.0000 0.9537
1620697101.998778 5.5524 0.0250 -0.6331 -0.0000 0.2924 -0.0000 0.9563
1620697102.032112 5.5500 0.0250 -0.6368 -0.0000 0.2840 -0.0000 0.9588
1620697102.065445 5.5476 0.0250 -0.6405 -0.0000 0.2756 -0.0000 0.9613
1620697102.098778 5.5453 0.0250 -0.6442 -0.0000 0.2672 -0.0000 0.9636
1620697102.132112 5.5431 0.0250 -0.6479 -0.0000 0.2588 -0.0000 0.9659
1620697102.165445 5.5410 0.0250 -0.6517 -0.0000 0.2504 -0.0000 0.9681
1620697102.198778 5.5555 0.0250 -0.6255 -0.0000 0.2504 -0.0000 0.9681
1620697102.232111 5.5701 0.0250 -0.5993 -0.0000 0.2504 -0.0000 0.9681
1620697102.265445 5.5846 0.0250 -0.5730 -0.0000 0.2504 -0.0000 0.9681
1620697102.298778 5.5992 0.0250 -0.5468 -0.0000 0.2504 -0.0000 0.9681
1620697102.332111 5.6137 0.0250 -0.5205 -0.0000 0.2504 -0.0000 0.9681
1620697102.365445 5.6282 0.0250 -0.4943 -0.0000 0.2504 -0.0000 0.9681
1620697102.398778 5.6428 0.0250 -0.4681 -0.0000 0.2504 -0.0000 0.9681
1620697102.432111 5.6573 0.0250 -0.4418 -0.0000 0.2504 -0.0000 0.9681
1620697102.465445 5.6719 0.0250 -0.4156 -0.0000 0.2504 -0.0000 0.9681
1620697102.498778 5.6864 0.0250 -0.3893 -0.0000 0.2504 -0.0000 0.9681
1620697102.532111 5.7010 0.0250 -0.3631 -0.0000 0.2504 -0.0000 0.9681
1620697102.565444 5.6989 0.0250 -0.3669 -0.0000 0.2419 -0.0000 0.9703
1620697102.598778 5.6969 0.0250 -0.3708 -0.0000 0.2334 -0.0000 0.9724
1620697102.632111 5.6949 0.0250 -0.3747 -0.0000 0.2250 -0.0000 0.9744
1620697102.665444 5.6930 0.0250 -0.3787 -0.0000 0.2164 -0.0000 0.9763
1620697102.698778 5.6912 0.0250 -0.3826 -0.0000 0.2079 -0.0000 0.9781
1620697102.732111 5.6895 0.0250 -0.3866 -0.0000 0.1994 -0.0000 0.9799
1620697102.765444 5.6878 0.0250 -0.3907 -0.0000 0.1908 -0.0000 0.9816
1620697102.798778 5.6862 0.0250 -0.3947 -0.0000 0.1822 -0.0000 0.9833
1620697102.832111 5.6847 0.0250 -0.3988 -0.0000 0.1736 -0.0000 0.9848
1620697102.865444 5.6832 0.0250 -0.4029 -0.0000 0.1650 -0.0000 0.9863
1620697102.898777 5.6930 0.0250 -0.3746 -0.0000 0.1650 -0.0000 0.9863
1620697102.932111 5.7028 0.0250 -0.3462 -0.0000 0.1650 -0.0000 0.9863
1620697102.965444 5.7125 0.0250 -0.3178 -0.0000 0.1650 -0.0000 0.9863
1620697102.998777 5.7223 0.0250 -0.2895 -0.0000 0.1650 -0.0000 0.9863
1620697103.032111 5.7321 0.0250 -0.2611 -0.0000 0.1650 -0.0000 0.9863
1620697103.065444 5.7418 0.0250 -0.2327 -0.0000 0.1650 -0.0000 0.9863
1620697103.098777 5.7516 0.0250 -0.2044 -0.0000 0.1650 -0.0000 0.9863
1620697103.132111 5.7614 0.0250 -0.1760 -0.0000 0.1650 -0.0000 0.9863
1620697103.165444 5.7712 0.0250 -0.1476 -0.0000 0.1650 -0.0000 0.9863
1620697103.198777 5.7809 0.0250 -0.1193 -0.0000 0.1650 -0.0000 0.9863
1620697103.232111 5.7907 0.0250 -0.0909 -0.0000 0.1650 -0.0000 0.9863
1620697103.265444 5.8005 0.0250 -0.0625 -0.0000 0.1650 -0.0000 0.9863
1620697103.298777 5.7991 0.0250 -0.0667 -0.0000 0.1564 -0.0000 0.9877
1620697103.332110 5.7978 0.0250 -0.0708 -0.0000 0.1478 -0.0000 0.9890
1620697103.365444 5.7965 0.0250 -0.0750 -0.0000 0.1392 -0.0000 0.9903
1620697103.398777 5.7953 0.0250 -0.0792 -0.0000 0.1305 -0.0000 0.9914
1620697103.432110 5.7943 0.0250 -0.0834 -0.0000 0.1219 -0.0000 0.9925
1620697103.465444 5.7932 0.0250 -0.0877 -0.0000 0.1132 -0.0000 0.9936
1620697103.498777 5.7923 0.0250 -0.0919 -0.0000 0.1045 -0.0000 0.9945
1620697103.532110 5.7914 0.0250 -0.0962 -0.0000 0.0958 -0.0000 0.9954
1620697103.565444 5.7906 0.0250 -0.1005 -0.0000 0.0872 -0.0000 0.9962
1620697103.598777 5.7899 0.0250 -0.1048 -0.0000 0.0785 -0.0000 0.9969
1620697103.632110 5.7893 0.0250 -0.1091 -0.0000 0.0698 -0.0000 0.9976
1620697103.665443 5.7887 0.0250 -0.1135 -0.0000 0.0610 -0.0000 0.9981
1620697103.698777 5.7882 0.0250 -0.1178 -0.0000 0.0523 -0.0000 0.9986
1620697103.732110 5.7913 0.0250 -0.0880 -0.0000 0.0523 -0.0000 0.9986
1620697103.765443 5.7945 0.0250 -0.0581 -0.0000 0.0523 -0.0000 0.9986
1620697103.798777 5.7976 0.0250 -0.0283 -0.0000 0.0523 -0.0000 0.9986
1620697103.832110 5.8007 0.0250 0.0016 -0.0000 0.0523 -0.0000 0.9986
1620697103.865443 5.8039 0.0250 0.0314 -0.0000 0.0523 -0.0000 0.9986
1620697103.898777 5.8070 0.0250 0.0612 -0.0000 0.0523 -0.0000 0.9986
1620697103.932110 5.8102 0.0250 0.0911 -0.0000 0.0523 -0.0000 0.9986
1620697103.965443 5.8133 0.0250 0.1209 -0.0000 0.0523 -0.0000 0.9986
1620697103.998776 5.8164 0.0250 0.1507 -0.0000 0.0523 -0.0000 0.9986
1620697104.032110 5.8196 0.0250 0.1806 -0.0000 0.0523 -0.0000 0.9986
1620697104.065443 5.8227 0.0250 0.2104 -0.0000 0.0523 -0.0000 0.9986
1620697104.098776 5.8258 0.0250 0.2402 -0.0000 0.0523 -0.0000 0.9986
1620697104.132110 5.8254 0.0250 0.2359 -0.0000 0.0436 -0.0000 0.9990
1620697104.165443 5.8251 0.0250 0.2315 -0.0000 0.0349 -0.0000 0.9994
1620697104.198776 5.8248 0.0250 0.2272 -0.0000 0.0262 -0.0000 0.9997
1620697104.232110 5.8246 0.0250 0.2228 -0.0000 0.0175 -0.0000 0.9998
1620697104.265443 5.8245 0.0250 0.2185 -0.0000 0.0087 -0.0000 1.0000
1620697104.298776 5.8245 0.0250 0.2141 -0.0000 -0.0000 -0.0000 1.0000
1620697104.332109 5.8245 0.0250 0.2441 -0.0000 -0.0000 -0.0000 1.0000
1620697104.365443 5.8245 0.0250 0.2741 -0.0000 -0.0000 -0.0000 1.0000
1620697104.398776 5.8245 0.0250 0.3041 -0.0000 -0.0000 -0.0000 1.0000
1620697104.432109 5.8245 0.0250 0.3341 -0.0000 -0.0000 -0.0000 1.0000
1620697104.465443 5.8245 0.0250 0.3641 -0.0000 -0.0000 -0.0000 1.0000
1620697104.498776 5.8245 0.0250 0.3941 -0.0000 -0.0000 -0.0000 1.0000
1620697104.532109 5.8245 0.0250 0.4241 -0.0000 -0.0000 -0.0000 1.0000
1620697104.565443 5.8245 0.0250 0.4541 -0.0000 -0.0000 -0.0000 1.0000
1620697104.598776 5.8245 0.0250 0.4841 -0.0000 -0.0000 -0.0000 1.0000
1620697104.632109 5.8245 0.0250 0.5141 -0.0000 -0.0000 -0.0000 1.0000
1620697104.665442 5.8245 0.0250 0.5441 -0.0000 -0.0000 -0.0000 1.0000
1620697104.698776 5.8245 0.0250 0.5741 -0.0000 -0.0000 -0.0000 1.0000
1620697104.732109 5.8245 0.0250 0.6041 -0.0000 -0.0000 -0.0000 1.0000
1620697104.765442 5.8245 0.0250 0.6341 -0.0000 -0.0000 -0.0000 1.0000
1620697104.798776 5.8245 0.0250 0.6641 -0.0000 -0.0000 -0.0000 1.0000
1620697104.832109 5.8245 0.0250 0.6941 -0.0000 -0.0000 -0.0000 1.0000
1620697104.865442 5.8245 0.0250 0.7241 -0.0000 -0.0000 -0.0000 1.0000
1620697104.898776 5.8245 0.0250 0.7541 -0.0000 -0.0000 -0.0000 1.0000
1620697104.932109 5.8245 0.0250 0.7841 -0.0000 -0.0000 -0.0000 1.0000
1620697104.965442 5.8245 0.0250 0.8141 -0.0000 -0.0000 -0.0000 1.0000
1620697104.998775 5.8245 0.0250 0.8441 -0.0000 -0.0000 -0.0000 1.0000
1620697105.032109 5.8245 0.0250 0.8741 -0.0000 -0.0000 -0.0000 1.0000
1620697105.065442 5.8245 0.0250 0.9041 -0.0000 -0.0000 -0.0000 1.0000
1620697105.098775 5.8245 0.0250 0.9341 -0.0000 -0.0000 -0.0000 1.0000
1620697105.132109 5.8245 0.0250 0.9641 -0.0000 -0.0000 -0.0000 1.0000
1620697105.165442 5.8245 0.0250 0.9941 -0.0000 -0.0000 -0.0000 1.0000
1620697105.198775 5.8245 0.0250 1.0241 -0.0000 -0.0000 -0.0000 1.0000
1620697105.232109 5.8245 0.0250 1.0541 -0.0000 -0.0000 -0.0000 1.0000
1620697105.265442 5.8245 0.0250 1.0841 -0.0000 -0.0000 -0.0000 1.0000
1620697105.298775 5.8245 0.0250 1.1141 -0.0000 -0.0000 -0.0000 1.0000
1620697105.332108 5.8245 0.0250 1.1441 -0.0000 -0.0000 -0.0000 1.0000
1620697105.365442 5.8245 0.0250 1.1741 -0.0000 -0.0000 -0.0000 1.0000
1620697105.398775 5.8245 0.0250 1.2041 -0.0000 -0.0000 -0.0000 1.0000
1620697105.432108 5.8245 0.0250 1.2341 -0.0000 -0.0000 -0.0000 1.0000
1620697105.465442 5.8245 0.0250 1.2641 -0.0000 -0.0000 -0.0000 1.0000
1620697105.498775 5.8245 0.0250 1.2941 -0.0000 -0.0000 -0.0000 1.0000
1620697105.532108 5.8245 0.0250 1.3241 -0.0000 -0.0000 -0.0000 1.0000
1620697105.565442 5.8245 0.0250 1.3541 -0.0000 -0.0000 -0.0000 1.0000
1620697105.598775 5.8245 0.0250 1.3841 -0.0000 -0.0000 -0.0000 1.0000
1620697105.632108 5.8245 0.0250 1.3797 -0.0000 -0.0087 -0.0000 1.0000
1620697105.665442 5.8246 0.0250 1.3754 -0.0000 -0.0175 -0.0000 0.9998
1620697105.698775 5.8248 0.0250 1.3710 -0.0000 -0.0262 -0.0000 0.9997
1620697105.732108 5.8251 0.0250 1.3667 -0.0000 -0.0349 -0.0000 0.9994
1620697105.765441 5.8254 0.0250 1.3623 -0.0000 -0.0436 -0.0000 0.9990
1620697105.798775 5.8258 0.0250 1.3580 -0.0000 -0.0523 -0.0000 0.9986
1620697105.832108 5.8263 0.0250 1.3536 -0.0000 -0.0610 -0.0000 0.9981
1620697105.865441 5.8269 0.0250 1.3493 -0.0000 -0.0698 -0.0000 0.9976
1620697105.898775 5.8275 0.0250 1.3450 -0.0000 -0.0785 -0.0000 0.9969
1620697105.932108 5.8283 0.0250 1.3407 -0.0000 -0.0872 -0.0000 0.9962
1620697105.965441 5.8291 0.0250 1.3364 -0.0000 -0.0958 -0.0000 0.9954
1620697105.998775 5.8299 0.0250 1.3321 -0.0000 -0.1045 -0.0000 0.9945
1620697106.032108 5.8309 0.0250 1.3279 -0.0000 -0.1132 -0.0000 0.9936
1620697106.065441 5.8319 0.0250 1.3236 -0.0000 -0.1219 -0.0000 0.9925
1620697106.098774 5.8330 0.0250 1.3194 -0.0000 -0.1305 -0.0000 0.9914
1620697106.132108 5.8341 0.0250 1.3152 -0.0000 -0.1392 -0.0000 0.9903
1620697106.165441 5.8354 0.0250 1.3110 -0.0000 -0.1478 -0.0000 0.9890
1620697106.198774 5.8367 0.0250 1.3068 -0.0000 -0.1564 -0.0000 0.9877
1620697106.232108 5.8381 0.0250 1.3027 -0.0000 -0.1650 -0.0000 0.9863
1620697106.265441 5.8395 0.0250 1.2986 -0.0000 -0.1736 -0.0000 0.9848
1620697106.298774 5.8411 0.0250 1.2945 -0.0000 -0.1822 -0.0000 0.9833
1620697106.332108 5.8427 0.0250 1.2905 -0.0000 -0.1908 -0.0000 0.9816
1620697106.365441 5.8443 0.0250 1.2864 -0.0000 -0.1994 -0.0000 0.9799
1620697106.398774 5.8461 0.0250 1.2824 -0.0000 -0.2079 -0.0000 0.9781
1620697106.432107 5.8479 0.0250 1.2784 -0.0000 -0.2164 -0.0000 0.9763
1620697106.465441 5.8352 0.0250 1.3056 -0.0000 -0.2164 -0.0000 0.9763
1620697106.498774 5.8225 0.0250 1.3328 -0.0000 -0.2164 -0.0000 0.9763
1620697106.532107 5.8098 0.0250 1.3600 -0.0000 -0.2164 -0.0000 0.9763
1620697106.565441 5.7972 0.0250 1.3872 -0.0000 -0.2164 -0.0000 0.9763
1620697106.598774 5.7845 0.0250 1.4144 -0.0000 -0.2164 -0.0000 0.9763
1620697106.632107 5.7718 0.0250 1.4416 -0.0000 -0.2164 -0.0000 0.9763
1620697106.665441 5.7591 0.0250 1.4688 -0.0000 -0.2164 -0.0000 0.9763
1620697106.698774 5.7465 0.0250 1.4960 -0.0000 -0.2164 -0.0000 0.9763
1620697106.732107 5.7338 0.0250 1.5232 -0.0000 -0.2164 -0.0000 0.9763
1620697106.765440 5.7211 0.0250 1.5503 -0.0000 -0.2164 -0.0000 0.9763
1620697106.798774 5.7084 0.0250 1.5775 -0.0000 -0.2164 -0.0000 0.9763
1620697106.832107 5.6957 0.0250 1.6047 -0.0000 -0.2164 -0.0000 0.9763
1620697106.865440 5.6831 0.0250 1.6319 -0.0000 -0.2164 -0.0000 0.9763
1620697106.898774 5.6849 0.0250 1.6280 -0.0000 -0.2250 -0.0000 0.9744
1620697106.932107 5.6869 0.0250 1.6241 -0.0000 -0.2334 -0.0000 0.9724
1620697106.965440 5.6889 0.0250 1.6202 -0.0000 -0.2419 -0.0000 0.9703
1620697106.998774 5.6910 0.0250 1.6164 -0.0000 -0.2504 -0.0000 0.9681
1620697107.032107 5.6931 0.0250 1.6126 -0.0000 -0.2588 -0.0000 0.9659
1620697107.065440 5.6953 0.0250 1.6088 -0.0000 -0.2672 -0.0000 0.9636
1620697107.098773 5.6976 0.0250 1.6051 -0.0000 -0.2756 -0.0000 0.9613
1620697107.132107 5.7000 0.0250 1.6014 -0.0000 -0.2840 -0.0000 0.9588
1620697107.165440 5.7024 0.0250 1.5978 -0.0000 -0.2924 -0.0000 0.9563
1620697107.198773 5.7048 0.0250 1.5942 -0.0000 -0.3007 -0.0000 0.9537
1620697107.232107 5.7074 0.0250 1.5906 -0.0000 -0.3090 -0.0000 0.9511
1620697107.265440 5.7100 0.0250 1.5871 -0.0000 -0.3173 -0.0000 0.9483
1620697107.298773 5.7126 0.0250 1.5836 -0.0000 -0.3256 -0.0000 0.9455
1620697107.332107 5.6942 0.0250 1.6073 -0.0000 -0.3256 -0.0000 0.9455
1620697107.365440 5.6757 0.0250 1.6309 -0.0000 -0.3256 -0.0000 0.9455
1620697107.398773 5.6572 0.0250 1.6546 -0.0000 -0.3256 -0.0000 0.9455
1620697107.432106 5.6388 0.0250 1.6782 -0.0000 -0.3256 -0.0000 0.9455
1620697107.465440 5.6203 0.0250 1.7019 -0.0000 -0.3256 -0.0000 0.9455
1620697107.498773 5.6018 0.0250 1.7255 -0.0000 -0.3256 -0.0000 0.9455
1620697107.532106 5.5833 0.0250 1.7491 -0.0000 -0.3256 -0.0000 0.9455
1620697107.565440 5.5649 0.0250 1.7728 -0.0000 -0.3256 -0.0000 0.9455
1620697107.598773 5.5676 0.0250 1.7694 -0.0000 -0.3338 -0.0000 0.9426
1620697107.632106 5.5704 0.0250 1.7660 -0.0000 -0.3420 -0.0000 0.9397
1620697107.665440 5.5732 0.0250 1.7627 -0.0000 -0.3502 -0.0000 0.9367
1620697107.698773 5.5761 0.0250 1.7594 -0.0000 -0.3584 -0.0000 0.9336
1620697107.732106 5.5790 0.0250 1.7562 -0.0000 -0.3665 -0.0000 0.9304
1620697107.765440 5.5820 0.0250 1.7530 -0.0000 -0.3746 -0.0000 0.9272
1620697107.798773 5.5851 0.0250 1.7499 -0.0000 -0.3827 -0.0000 0.9239
1620697107.832106 5.5882 0.0250 1.7469 -0.0000 -0.3907 -0.0000 0.9205
1620697107.865439 5.5666 0.0250 1.7677 -0.0000 -0.3907 -0.0000 0.9205
1620697107.898773 5.5451 0.0250 1.7885 -0.0000 -0.3907 -0.0000 0.9205
1620697107.932106 5.5235 0.0250 1.8094 -0.0000 -0.3907 -0.0000 0.9205
1620697107.965439 5.5019 0.0250 1.8302 -0.0000 -0.3907 -0.0000 0.9205
1620697107.998773 5.4803 0.0250 1.8511 -0.0000 -0.3907 -0.0000 0.9205
1620697108.032106 5.4587 0.0250 1.8719 -0.0000 -0.3907 -0.0000 0.9205
1620697108.065439 5.4372 0.0250 1.8927 -0.0000 -0.3907 -0.0000 0.9205
1620697108.098773 5.4403 0.0250 1.8897 -0.0000 -0.3987 -0.0000 0.9171
1620697108.132106 5.4435 0.0250 1.8868 -0.0000 -0.4067 -0.0000 0.9135
1620697108.165439 5.4468 0.0250 1.8839 -0.0000 -0.4147 -0.0000 0.9100
1620697108.198772 5.4501 0.0250 1.8811 -0.0000 -0.4226 -0.0000 0.9063
1620697108.232106 5.4535 0.0250 1.8783 -0.0000 -0.4305 -0.0000 0.9026
1620697108.265439 5.4569 0.0250 1.8756 -0.0000 -0.4384 -0.0000 0.8988
1620697108.298772 5.4604 0.0250 1.8729 -0.0000 -0.4462 -0.0000 0.8949
1620697108.332106 5.4639 0.0250 1.8703 -0.0000 -0.4540 -0.0000 0.8910
1620697108.365439 5.4674 0.0250 1.8678 -0.0000 -0.4617 -0.0000 0.8870
1620697108.398772 5.4710 0.0250 1.8653 -0.0000 -0.4695 -0.0000 0.8829
1620697108.432106 5.4747 0.0250 1.8629 -0.0000 -0.4772 -0.0000 0.8788
1620697108.465439 5.4783 0.0250 1.8606 -0.0000 -0.4848 -0.0000 0.8746
1620697108.498772 5.4821 0.0250 1.8583 -0.0000 -0.4924 -0.0000 0.8704
1620697108.532105 5.4858 0.0250 1.8561 -0.0000 -0.5000 -0.0000 0.8660
1620697108.565439 5.4896 0.0250 1.8539 -0.0000 -0.5075 -0.0000 0.8616
1620697108.598772 5.4934 0.0250 1.8518 -0.0000 -0.5150 -0.0000 0.8572
1620697108.632105 5.4973 0.0250 1.8498 -0.0000 -0.5225 -0.0000 0.8526
1620697108.665439 5.4706 0.0250 1.8634 -0.0000 -0.5225 -0.0000 0.8526
1620697108.698772 5.4439 0.0250 1.8771 -0.0000 -0.5225 -0.0000 0.8526
1620697108.732105 5.4171 0.0250 1.8907 -0.0000 -0.5225 -0.0000 0.8526
1620697108.765439 5.3904 0.0250 1.9043 -0.0000 -0.5225 -0.0000 0.8526
1620697108.798772 5.3637 0.0250 1.9179 -0.0000 -0.5225 -0.0000 0.8526
1620697108.832105 5.3369 0.0250 1.9315 -0.0000 -0.5225 -0.0000 0.8526
1620697108.865438 5.3408 0.0250 1.9296 -0.0000 -0.5299 -0.0000 0.8480
1620697108.898772 5.3448 0.0250 1.9277 -0.0000 -0.5373 -0.0000 0.8434
1620697108.932105 5.3488 0.0250 1.9259 -0.0000 -0.5446 -0.0000 0.8387
1620697108.965438 5.3528 0.0250 1.9242 -0.0000 -0.5519 -0.0000 0.8339
1620697108.998772 5.3568 0.0250 1.9225 -0.0000 -0.5592 -0.0000 0.8290
1620697109.032105 5.3608 0.0250 1.9209 -0.0000 -0.5664 -0.0000 0.8241
1620697109.065438 5.3649 0.0250 1.9194 -0.0000 -0.5736 -0.0000 0.8192
1620697109.098772 5.3690 0.0250 1.9179 -0.0000 -0.5807 -0.0000 0.8141
1620697109.132105 5.3732 0.0250 1.9165 -0.0000 -0.5878 -0.0000 0.8090
1620697109.165438 5.3447 0.0250 1.9258 -0.0000 -0.5878 -0.0000 0.8090
1620697109.198771 5.3161 0.0250 1.9351 -0.0000 -0.5878 -0.0000 0.8090
1620697109.232105 5.2876 0.0250 1.9443 -0.0000 -0.5878 -0.0000 0.8090
1620697109.265438 5.2591 0.0250 1.9536 -0.0000 -0.5878 -0.0000 0.8090
1620697109.298771 5.2632 0.0250 1.9523 -0.0000 -0.5948 -0.0000 0.8039
1620697109.332105 5.2674 0.0250 1.9510 -0.0000 -0.6018 -0.0000 0.7986
1620697109.365438 5.2716 0.0250 1.9499 -0.0000 -0.6088 -0.0000 0.7934
1620697109.398771 5.2758 0.0250 1.9488 -0.0000 -0.6157 -0.0000 0.7880
1620697109.432105 5.2801 0.0250 1.9478 -0.0000 -0.6225 -0.0000 0.7826
1620697109.465438 5.2508 0.0250 1.9545 -0.0000 -0.6225 -0.0000 0.7826
1620697109.498771 5.2216 0.0250 1.9613 -0.0000 -0.6225 -0.0000 0.7826
1620697109.532104 5.1924 0.0250 1.9680 -0.0000 -0.6225 -0.0000 0.7826
1620697109.565438 5.1631 0.0250 1.9748 -0.0000 -0.6225 -0.0000 0.7826
1620697109.598771 5.1674 0.0250 1.9738 -0.0000 -0.6293 -0.0000 0.7771
1620697109.632104 5.1717 0.0250 1.9730 -0.0000 -0.6361 -0.0000 0.7716
1620697109.665438 5.1760 0.0250 1.9722 -0.0000 -0.6428 -0.0000 0.7660
1620697109.698771 5.1803 0.0250 1.9714 -0.0000 -0.6494 -0.0000 0.7604
1620697109.732104 5.1846 0.0250 1.9708 -0.0000 -0.6561 -0.0000 0.7547
1620697109.765438 5.1889 0.0250 1.9702 -0.0000 -0.6626 -0.0000 0.7490
1620697109.798771 5.1933 0.0250 1.9697 -0.0000 -0.6691 -0.0000 0.7431
1620697109.832104 5.1976 0.0250 1.9693 -0.0000 -0.6756 -0.0000 0.7373
1620697109.865438 5.1677 0.0250 1.9719 -0.0000 -0.6756 -0.0000 0.7373
1620697109.898771 5.1378 0.0250 1.9745 -0.0000 -0.6756 -0.0000 0.7373
1620697109.932104 5.1079 0.0250 1.9772 -0.0000 -0.6756 -0.0000 0.7373
1620697109.965437 5.0781 0.0250 1.9798 -0.0000 -0.6756 -0.0000 0.7373
1620697109.998771 5.0482 0.0250 1.9824 -0.0000 -0.6756 -0.0000 0.7373
1620697110.032104 5.0183 0.0250 1.9850 -0.0000 -0.6756 -0.0000 0.7373
1620697110.065437 4.9884 0.0250 1.9876 -0.0000 -0.6756 -0.0000 0.7373
1620697110.098771 4.9927 0.0250 1.9873 -0.0000 -0.6820 -0.0000 0.7314
1620697110.132104 4.9971 0.0250 1.9870 -0.0000 -0.6884 -0.0000 0.7254
1620697110.165437 5.0015 0.0250 1.9868 -0.0000 -0.6947 -0.0000 0.7193
1620697110.198771 5.0058 0.0250 1.9867 -0.0000 -0.7009 -0.0000 0.7133
1620697110.232104 5.0102 0.0250 1.9867 -0.0000 -0.7071 -0.0000 0.7071
1620697110.265437 5.0145 0.0250 1.9867 -0.0000 -0.7133 -0.0000 0.7009
1620697110.298770 5.0189 0.0250 1.9868 -0.0000 -0.7193 -0.0000 0.6947
1620697110.332104 5.0233 0.0250 1.9870 -0.0000 -0.7254 -0.0000 0.6884
1620697110.365437 5.0276 0.0250 1.9873 -0.0000 -0.7314 -0.0000 0.6820
1620697110.398770 5.0320 0.0250 1.9876 -0.0000 -0.7373 -0.0000 0.6756
1620697110.432104 5.0021 0.0250 1.9850 -0.0000 -0.7373 -0.0000 0.6756
1620697110.465437 4.9722 0.0250 1.9824 -0.0000 -0.7373 -0.0000 0.6756
1620697110.498770 4.9423 0.0250 1.9798 -0.0000 -0.7373 -0.0000 0.6756
1620697110.532104 4.9124 0.0250 1.9772 -0.0000 -0.7373 -0.0000 0.6756
1620697110.565437 4.8825 0.0250 1.9745 -0.0000 -0.7373 -0.0000 0.6756
1620697110.598770 4.8527 0.0250 1.9719 -0.0000 -0.7373 -0.0000 0.6756
1620697110.632103 4.8228 0.0250 1.9693 -0.0000 -0.7373 -0.0000 0.6756
1620697110.665437 4.7929 0.0250 1.9667 -0.0000 -0.7373 -0.0000 0.6756
1620697110.698770 4.7630 0.0250 1.9641 -0.0000 -0.7373 -0.0000 0.6756
1620697110.732103 4.7331 0.0250 1.9615 -0.0000 -0.7373 -0.0000 0.6756
1620697110.765437 4.7032 0.0250 1.9589 -0.0000 -0.7373 -0.0000 0.6756
1620697110.798770 4.6733 0.0250 1.9562 -0.0000 -0.7373 -0.0000 0.6756
1620697110.832103 4.6435 0.0250 1.9536 -0.0000 -0.7373 -0.0000 0.6756
1620697110.865437 4.6136 0.0250 1.9510 -0.0000 -0.7373 -0.0000 0.6756
1620697110.898770 4.5837 0.0250 1.9484 -0.0000 -0.7373 -0.0000 0.6756
1620697110.932103 4.5538 0.0250 1.9458 -0.0000 -0.7373 -0.0000 0.6756
1620697110.965436 4.5239 0.0250 1.9432 -0.0000 -0.7373 -0.0000 0.6756
1620697110.998770 4.4940 0.0250 1.9405 -0.0000 -0.7373 -0.0000 0.6756
1620697111.032103 4.4641 0.0250 1.9379 -0.0000 -0.7373 -0.0000 0.6756
1620697111.065436 4.4343 0.0250 1.9353 -0.0000 -0.7373 -0.0000 0.6756
1620697111.098770 4.4044 0.0250 1.9327 -0.0000 -0.7373 -0.0000 0.6756
1620697111.132103 4.3745 0.0250 1.9301 -0.0000 -0.7373 -0.0000 0.6756
1620697111.165436 4.3446 0.0250 1.9275 -0.0000 -0.7373 -0.0000 0.6756
1620697111.198770 4.3147 0.0250 1.9249 -0.0000 -0.7373 -0.0000 0.6756
1620697111.232103 4.2848 0.0250 1.9222 -0.0000 -0.7373 -0.0000 0.6756
1620697111.265436 4.2549 0.0250 1.9196 -0.0000 -0.7373 -0.0000 0.6756
1620697111.298769 4.2251 0.0250 1.9170 -0.0000 -0.7373 -0.0000 0.6756
1620697111.332103 4.1952 0.0250 1.9144 -0.0000 -0.7373 -0.0000 0.6756
1620697111.365436 4.1653 0.0250 1.9118 -0.0000 -0.7373 -0.0000 0.6756
1620697111.398769 4.1354 0.0250 1.9092 -0.0000 -0.7373 -0.0000 0.6756
1620697111.432103 4.1055 0.0250 1.9066 -0.0000 -0.7373 -0.0000 0.6756
1620697111.465436 4.0756 0.0250 1.9039 -0.0000 -0.7373 -0.0000 0.6756
1620697111.498769 4.0457 0.0250 1.9013 -0.0000 -0.7373 -0.0000 0.6756
1620697111.532103 4.0159 0.0250 1.8987 -0.0000 -0.7373 -0.0000 0.6756
1620697111.565436 3.9860 0.0250 1.8961 -0.0000 -0.7373 -0.0000 0.6756
1620697111.598769 3.9561 0.0250 1.8935 -0.0000 -0.7373 -0.0000 0.6756
1620697111.632102 3.9262 0.0250 1.8909 -0.0000 -0.7373 -0.0000 0.6756
1620697111.665436 3.8963 0.0250 1.8883 -0.0000 -0.7373 -0.0000 0.6756
1620697111.698769 3.8664 0.0250 1.8856 -0.0000 -0.7373 -0.0000 0.6756
1620697111.732102 3.8365 0.0250 1.8830 -0.0000 -0.7373 -0.0000 0.6756
1620697111.765436 3.8067 0.0250 1.8804 -0.0000 -0.7373 -0.0000 0.6756
1620697111.798769 3.7768 0.0250 1.8778 -0.0000 -0.7373 -0.0000 0.6756
1620697111.832102 3.7469 0.0250 1.8752 -0.0000 -0.7373 -0.0000 0.6756
1620697111.865436 3.7170 0.0250 1.8726 -0.0000 -0.7373 -0.0000 0.6756
1620697111.898769 3.6871 0.0250 1.8699 -0.0000 -0.7373 -0.0000 0.6756
1620697111.932102 3.6572 0.0250 1.8673 -0.0000 -0.7373 -0.0000 0.6756
1620697111.965436 3.6273 0.0250 1.8647 -0.0000 -0.7373 -0.0000 0.6756
1620697111.998769 3.5975 0.0250 1.8621 -0.0000 -0.7373 -0.0000 0.6756
1620697112.032102 3.5676 0.0250 1.8595 -0.0000 -0.7373 -0.0000 0.6756
1620697112.065435 3.5377 0.0250 1.8569 -0.0000 -0.7373 -0.0000 0.6756
1620697112.098769 3.5078 0.0250 1.8543 -0.0000 -0.7373 -0.0000 0.6756
1620697112.132102 3.4779 0.0250 1.8516 -0.0000 -0.7373 -0.0000 0.6756
1620697112.165435 3.4480 0.0250 1.8490 -0.0000 -0.7373 -0.0000 0.6756
1620697112.198769 3.4181 0.0250 1.8464 -0.0000 -0.7373 -0.0000 0.6756
1620697112.232102 3.3883 0.0250 1.8438 -0.0000 -0.7373 -0.0000 0.6756
1620697112.265435 3.3584 0.0250 1.8412 -0.0000 -0.7373 -0.0000 0.6756
1620697112.298769 3.3285 0.0250 1.8386 -0.0000 -0.7373 -0.0000 0.6756
1620697112.332102 3.2986 0.0250 1.8360 -0.0000 -0.7373 -0.0000 0.6756
1620697112.365435 3.2687 0.0250 1.8333 -0.0000 -0.7373 -0.0000 0.6756
1620697112.398768 3.2388 0.0250 1.8307 -0.0000 -0.7373 -0.0000 0.6756
1620697112.432102 3.2089 0.0250 1.8281 -0.0000 -0.7373 -0.0000 0.6756
1620697112.465435 3.1791 0.0250 1.8255 -0.0000 -0.7373 -0.0000 0.6756
1620697112.498768 3.1492 0.0250 1.8229 -0.0000 -0.7373 -0.0000 0.6756
1620697112.532102 3.1193 0.0250 1.8203 -0.0000 -0.7373 -0.0000 0.6756
1620697112.565435 3.0894 0.0250 1.8177 -0.0000 -0.7373 -0.0000 0.6756
1620697112.598768 3.0595 0.0250 1.8150 -0.0000 -0.7373 -0.0000 0.6756
1620697112.632102 3.0296 0.0250 1.8124 -0.0000 -0.7373 -0.0000 0.6756
1620697112.665435 2.9997 0.0250 1.8098 -0.0000 -0.7373 -0.0000 0.6756
1620697112.698768 2.9699 0.0250 1.8072 -0.0000 -0.7373 -0.0000 0.6756
1620697112.732101 2.9400 0.0250 1.8046 -0.0000 -0.7373 -0.0000 0.6756
1620697112.765435 2.9101 0.0250 1.8020 -0.0000 -0.7373 -0.0000 0.6756
1620697112.798768 2.8802 0.0250 1.7994 -0.0000 -0.7373 -0.0000 0.6756
1620697112.832101 2.8503 0.0250 1.7967 -0.0000 -0.7373 -0.0000 0.6756
1620697112.865435 2.8204 0.0250 1.7941 -0.0000 -0.7373 -0.0000 0.6756
1620697112.898768 2.7905 0.0250 1.7915 -0.0000 -0.7373 -0.0000 0.6756
1620697112.932101 2.7607 0.0250 1.7889 -0.0000 -0.7373 -0.0000 0.6756
1620697112.965435 2.7308 0.0250 1.7863 -0.0000 -0.7373 -0.0000 0.6756
1620697112.998768 2.7009 0.0250 1.7837 -0.0000 -0.7373 -0.0000 0.6756
1620697113.032101 2.6710 0.0250 1.7810 -0.0000 -0.7373 -0.0000 0.6756
1620697113.065434 2.6411 0.0250 1.7784 -0.0000 -0.7373 -0.0000 0.6756
1620697113.098768 2.6112 0.0250 1.7758 -0.0000 -0.7373 -0.0000 0.6756
1620697113.132101 2.5813 0.0250 1.7732 -0.0000 -0.7373 -0.0000 0.6756
1620697113.165434 2.5515 0.0250 1.7706 -0.0000 -0.7373 -0.0000 0.6756
1620697113.198768 2.5216 0.0250 1.7680 -0.0000 -0.7373 -0.0000 0.6756
1620697113.232101 2.4917 0.0250 1.7654 -0.0000 -0.7373 -0.0000 0.6756
1620697113.265434 2.4618 0.0250 1.7627 -0.0000 -0.7373 -0.0000 0.6756
1620697113.298768 2.4319 0.0250 1.7601 -0.0000 -0.7373 -0.0000 0.6756
1620697113.332101 2.4020 0.0250 1.7575 -0.0000 -0.7373 -0.0000 0.6756
1620697113.365434 2.3721 0.0250 1.7549 -0.0000 -0.7373 -0.0000 0.6756
1620697113.398767 2.3423 0.0250 1.7523 -0.0000 -0.7373 -0.0000 0.6756
1620697113.432101 2.3124 0.0250 1.7497 -0.0000 -0.7373 -0.0000 0.6756
1620697113.465434 2.2825 0.0250 1.7471 -0.0000 -0.7373 -0.0000 0.6756
1620697113.498767 2.2526 0.0250 1.7444 -0.0000 -0.7373 -0.0000 0.6756
1620697113.532101 2.2227 0.0250 1.7418 -0.0000 -0.7373 -0.0000 0.6756
1620697113.565434 2.1928 0.0250 1.7392 -0.0000 -0.7373 -0.0000 0.6756
1620697113.598767 2.1629 0.0250 1.7366 -0.0000 -0.7373 -0.0000 0.6756
1620697113.632101 2.1331 0.0250 1.7340 -0.0000 -0.7373 -0.0000 0.6756
1620697113.665434 2.1032 0.0250 1.7314 -0.0000 -0.7373 -0.0000 0.6756
1620697113.698767 2.0733 0.0250 1.7288 -0.0000 -0.7373 -0.0000 0.6756
1620697113.732100 2.0434 0.0250 1.7261 -0.0000 -0.7373 -0.0000 0.6756
1620697113.765434 2.0135 0.0250 1.7235 -0.0000 -0.7373 -0.0000 0.6756
1620697113.798767 1.9836 0.0250 1.7209 -0.0000 -0.7373 -0.0000 0.6756
1620697113.832100 1.9537 0.0250 1.7183 -0.0000 -0.7373 -0.0000 0.6756
1620697113.865434 1.9239 0.0250 1.7157 -0.0000 -0.7373 -0.0000 0.6756
1620697113.898767 1.8940 0.0250 1.7131 -0.0000 -0.7373 -0.0000 0.6756
1620697113.932100 1.8641 0.0250 1.7105 -0.0000 -0.7373 -0.0000 0.6756
1620697113.965434 1.8342 0.0250 1.7078 -0.0000 -0.7373 -0.0000 0.6756
1620697113.998767 1.8043 0.0248 1.7052 -0.0000 -0.7373 -0.0000 0.6756
1620697114.032100 1.7744 0.0245 1.7026 -0.0000 -0.7373 -0.0000 0.6756
1620697114.065434 1.7445 0.0232 1.7000 -0.0000 -0.7373 -0.0000 0.6756
1620697114.098767 1.7147 0.0206 1.6974 -0.0000 -0.7373 -0.0000 0.6756
1620697114.132100 1.6848 0.0179 1.6948 -0.0000 -0.7373 -0.0000 0.6756
1620697114.165433 1.6549 0.0153 1.6921 -0.0000 -0.7373 -0.0000 0.6756
1620697114.198767 1.6250 0.0126 1.6895 -0.0000 -0.7373 -0.0000 0.6756
1620697114.232100 1.5951 0.0100 1.6869 -0.0000 -0.7373 -0.0000 0.6756
1620697114.265433 1.5652 0.0073 1.6843 -0.0000 -0.7373 -0.0000 0.6756
1620697114.298767 1.5353 0.0047 1.6817 -0.0000 -0.7373 -0.0000 0.6756
1620697114.332100 1.5055 0.0020 1.6791 -0.0000 -0.7373 -0.0000 0.6756
1620697114.365433 1.4756 -0.0006 1.6765 -0.0000 -0.7373 -0.0000 0.6756
1620697114.398767 1.4457 -0.0033 1.6738 -0.0000 -0.7373 -0.0000 0.6756
1620697114.432100 1.4158 -0.0059 1.6712 -0.0000 -0.7373 -0.0000 0.6756
1620697114.465433 1.3859 -0.0086 1.6686 -0.0000 -0.7373 -0.0000 0.6756
1620697114.498766 1.3560 -0.0112 1.6660 -0.0000 -0.7373 -0.0000 0.6756
1620697114.532100 1.3261 -0.0139 1.6634 -0.0000 -0.7373 -0.0000 0.6756
1620697114.565433 1.2963 -0.0165 1.6608 -0.0000 -0.7373 -0.0000 0.6756
1620697114.598766 1.2664 -0.0192 1.6582 -0.0000 -0.7373 -0.0000 0.6756
1620697114.632100 1.2365 -0.0218 1.6555 -0.0000 -0.7373 -0.0000 0.6756
1620697114.665433 1.2066 -0.0245 1.6529 -0.0000 -0.7373 -0.0000 0.6756
1620697114.698766 1.1767 -0.0271 1.6503 -0.0000 -0.7373 -0.0000 0.6756
1620697114.732100 1.1468 -0.0298 1.6477 -0.0000 -0.7373 -0.0000 0.6756
1620697114.765433 1.1169 -0.0324 1.6451 -0.0000 -0.7373 -0.0000 0.6756
1620697114.798766 1.0870 -0.0351 1.6425 -0.0000 -0.7373 -0.0000 0.6756
1620697114.832099 1.0572 -0.0377 1.6399 -0.0000 -0.7373 -0.0000 0.6756
1620697114.865433 1.0615 -0.0377 1.6403 -0.0000 -0.7431 -0.0000 0.6691
1620697114.898766 1.0658 -0.0377 1.6408 -0.0000 -0.7490 -0.0000 0.6626
1620697114.932099 1.0702 -0.0377 1.6413 -0.0000 -0.7547 -0.0000 0.6561
1620697114.965433 1.0745 -0.0377 1.6420 -0.0000 -0.7604 -0.0000 0.6494
1620697114.998766 1.0788 -0.0377 1.6427 -0.0000 -0.7660 -0.0000 0.6428
1620697115.032099 1.0831 -0.0377 1.6435 -0.0000 -0.7716 -0.0000 0.6361
1620697115.065433 1.0874 -0.0377 1.6444 -0.0000 -0.7771 -0.0000 0.6293
1620697115.098766 1.0916 -0.0377 1.6453 -0.0000 -0.7826 -0.0000 0.6225
1620697115.132099 1.0959 -0.0377 1.6463 -0.0000 -0.7880 -0.0000 0.6157
1620697115.165432 1.1001 -0.0377 1.6474 -0.0000 -0.7934 -0.0000 0.6088
1620697115.198766 1.1043 -0.0377 1.6486 -0.0000 -0.7986 -0.0000 0.6018
1620697115.232099 1.1085 -0.0377 1.6498 -0.0000 -0.8039 -0.0000 0.5948
1620697115.265432 1.1126 -0.0377 1.6511 -0.0000 -0.8090 -0.0000 0.5878
1620697115.298766 1.1168 -0.0377 1.6525 -0.0000 -0.8141 -0.0000 0.5807
1620697115.332099 1.1209 -0.0377 1.6540 -0.0000 -0.8192 -0.0000 0.5736
1620697115.365432 1.1250 -0.0377 1.6555 -0.0000 -0.8241 -0.0000 0.5664
1620697115.398766 1.1290 -0.0377 1.6571 -0.0000 -0.8290 -0.0000 0.5592
1620697115.432099 1.1331 -0.0377 1.6588 -0.0000 -0.8339 -0.0000 0.5519
1620697115.465432 1.1371 -0.0377 1.6605 -0.0000 -0.8387 -0.0000 0.5446
1620697115.498765 1.1410 -0.0377 1.6623 -0.0000 -0.8434 -0.0000 0.5373
1620697115.532099 1.1450 -0.0377 1.6642 -0.0000 -0.8480 -0.0000 0.5299
1620697115.565432 1.1489 -0.0377 1.6661 -0.0000 -0.8526 -0.0000 0.5225
1620697115.598765 1.1527 -0.0377 1.6682 -0.0000 -0.8572 -0.0000 0.5150
1620697115.632099 1.1566 -0.0377 1.6702 -0.0000 -0.8616 -0.0000 0.5075
1620697115.665432 1.1604 -0.0377 1.6724 -0.0000 -0.8660 -0.0000 0.5000
1620697115.698765 1.1641 -0.0377 1.6746 -0.0000 -0.8704 -0.0000 0.4924
1620697115.732099 1.1679 -0.0377 1.6769 -0.0000 -0.8746 -0.0000 0.4848
1620697115.765432 1.1715 -0.0377 1.6792 -0.0000 -0.8788 -0.0000 0.4772
1620697115.798765 1.1752 -0.0377 1.6816 -0.0000 -0.8829 -0.0000 0.4695
1620697115.832098 1.1788 -0.0377 1.6841 -0.0000 -0.8870 -0.0000 0.4617
1620697115.865432 1.1823 -0.0377 1.6866 -0.0000 -0.8910 -0.0000 0.4540
1620697115.898765 1.1858 -0.0377 1.6892 -0.0000 -0.8949 -0.0000 0.4462
1620697115.932098 1.1893 -0.0377 1.6919 -0.0000 -0.8988 -0.0000 0.4384
1620697115.965432 1.1927 -0.0377 1.6946 -0.0000 -0.9026 -0.0000 0.4305
1620697115.998765 1.1961 -0.0377 1.6974 -0.0000 -0.9063 -0.0000 0.4226
1620697116.032098 1.1994 -0.0377 1.7002 -0.0000 -0.9100 -0.0000 0.4147
1620697116.065432 1.2027 -0.0377 1.7031 -0.0000 -0.9135 -0.0000 0.4067
1620697116.098765 1.2059 -0.0377 1.7061 -0.0000 -0.9171 -0.0000 0.3987
1620697116.132098 1.2090 -0.0377 1.7091 -0.0000 -0.9205 -0.0000 0.3907
1620697116.165431 1.2122 -0.0377 1.7121 -0.0000 -0.9239 -0.0000 0.3827
1620697116.198765 1.2152 -0.0377 1.7152 -0.0000 -0.9272 -0.0000 0.3746
1620697116.232098 1.2182 -0.0377 1.7184 -0.0000 -0.9304 -0.0000 0.3665
1620697116.265431 1.2212 -0.0377 1.7216 -0.0000 -0.9336 -0.0000 0.3584
1620697116.298765 1.2241 -0.0377 1.7249 -0.0000 -0.9367 -0.0000 0.3502
1620697116.332098 1.2269 -0.0377 1.7282 -0.0000 -0.9397 -0.0000 0.3420
1620697116.365431 1.2297 -0.0377 1.7316 -0.0000 -0.9426 -0.0000 0.3338
1620697116.398765 1.2108 -0.0339 1.7083 -0.0000 -0.9426 -0.0000 0.3338
1620697116.432098 1.1919 -0.0302 1.6849 -0.0000 -0.9426 -0.0000 0.3338
1620697116.465431 1.1730 -0.0264 1.6616 -0.0000 -0.9426 -0.0000 0.3338
1620697116.498765 1.1757 -0.0264 1.6650 -0.0000 -0.9455 -0.0000 0.3256
1620697116.532098 1.1784 -0.0264 1.6685 -0.0000 -0.9483 -0.0000 0.3173
1620697116.565431 1.1810 -0.0264 1.6720 -0.0000 -0.9511 -0.0000 0.3090
1620697116.598764 1.1835 -0.0264 1.6756 -0.0000 -0.9537 -0.0000 0.3007
1620697116.632098 1.1860 -0.0264 1.6792 -0.0000 -0.9563 -0.0000 0.2924
1620697116.665431 1.1884 -0.0264 1.6828 -0.0000 -0.9588 -0.0000 0.2840
1620697116.698764 1.1907 -0.0264 1.6865 -0.0000 -0.9613 -0.0000 0.2756
1620697116.732098 1.1930 -0.0264 1.6902 -0.0000 -0.9636 -0.0000 0.2672
1620697116.765431 1.1952 -0.0264 1.6940 -0.0000 -0.9659 -0.0000 0.2588
1620697116.798764 1.1802 -0.0216 1.6680 -0.0000 -0.9659 -0.0000 0.2588
1620697116.832098 1.1652 -0.0167 1.6420 -0.0000 -0.9659 -0.0000 0.2588
1620697116.865431 1.1502 -0.0119 1.6160 -0.0000 -0.9659 -0.0000 0.2588
1620697116.898764 1.1352 -0.0070 1.5900 -0.0000 -0.9659 -0.0000 0.2588
1620697116.932097 1.1202 -0.0021 1.5641 -0.0000 -0.9659 -0.0000 0.2588
1620697116.965431 1.1052 0.0027 1.5381 -0.0000 -0.9659 -0.0000 0.2588
1620697116.998764 1.0902 0.0076 1.5121 -0.0000 -0.9659 -0.0000 0.2588
1620697117.032097 1.0752 0.0124 1.4861 -0.0000 -0.9659 -0.0000 0.2588
1620697117.065431 1.0602 0.0173 1.4601 -0.0000 -0.9659 -0.0000 0.2588
1620697117.098764 1.0452 0.0221 1.4342 -0.0000 -0.9659 -0.0000 0.2588
1620697117.132097 1.0302 0.0250 1.4082 -0.0000 -0.9659 -0.0000 0.2588
1620697117.165431 1.0152 0.0250 1.3822 -0.0000 -0.9659 -0.0000 0.2588
1620697117.198764 1.0002 0.0250 1.3562 -0.0000 -0.9659 -0.0000 0.2588
1620697117.232097 0.9852 0.0250 1.3302 -0.0000 -0.9659 -0.0000 0.2588
1620697117.265430 0.9702 0.0250 1.3042 -0.0000 -0.9659 -0.0000 0.2588
1620697117.298764 0.9552 0.0250 1.2783 -0.0000 -0.9659 -0.0000 0.2588
1620697117.332097 0.9402 0.0250 1.2523 -0.0000 -0.9659 -0.0000 0.2588
1620697117.365430 0.9252 0.0250 1.2263 -0.0000 -0.9659 -0.0000 0.2588
1620697117.398764 0.9102 0.0250 1.2003 -0.0000 -0.9659 -0.0000 0.2588
1620697117.432097 0.8952 0.0250 1.1743 -0.0000 -0.9659 -0.0000 0.2588
1620697117.465430 0.8802 0.0250 1.1484 -0.0000 -0.9659 -0.0000 0.2588
1620697117.498764 0.8652 0.0250 1.1224 -0.0000 -0.9659 -0.0000 0.2588
1620697117.532097 0.8502 0.0250 1.0964 -0.0000 -0.9659 -0.0000 0.2588
1620697117.565430 0.8352 0.0250 1.0704 -0.0000 -0.9659 -0.0000 0.2588
1620697117.598763 0.8202 0.0250 1.0444 -0.0000 -0.9659 -0.0000 0.2588
1620697117.632097 0.8052 0.0250 1.0185 -0.0000 -0.9659 -0.0000 0.2588
1620697117.665430 0.7902 0.0250 0.9925 -0.0000 -0.9659 -0.0000 0.2588
1620697117.698763 0.7752 0.0250 0.9665 -0.0000 -0.9659 -0.0000 0.2588
1620697117.732097 0.7602 0.0250 0.9405 -0.0000 -0.9659 -0.0000 0.2588
1620697117.765430 0.7452 0.0250 0.9145 -0.0000 -0.9659 -0.0000 0.2588
1620697117.798763 0.7302 0.0144 0.8886 -0.0000 -0.9659 -0.0000 0.2588
1620697117.832097 0.7152 0.0036 0.8626 -0.0000 -0.9659 -0.0000 0.2588
1620697117.865430 0.7002 -0.0073 0.8366 -0.0000 -0.9659 -0.0000 0.2588
1620697117.898763 0.6852 -0.0181 0.8106 -0.0000 -0.9659 -0.0000 0.2588
1620697117.932096 0.6702 -0.0290 0.7846 -0.0000 -0.9659 -0.0000 0.2588
1620697117.965430 0.6552 -0.0398 0.7587 -0.0000 -0.9659 -0.0000 0.2588
1620697117.998763 0.6402 -0.0507 0.7327 -0.0000 -0.9659 -0.0000 0.2588
