# ground truth trajectory
# file: 'rgbd_dataset_freiburg1_xyz.bag'
# timestamp tx ty tz qx qy qz qw
1620602888.939489 0.0000 -1.5753 0.0000 0.0000 0.0000 0.0000 1.0000
1620602888.972823 0.0000 -1.5753 0.0000 0.0000 -0.0026 0.0000 1.0000
1620602889.006156 0.0000 -1.5753 0.0000 0.0000 -0.0052 0.0000 1.0000
1620602889.039489 0.0000 -1.5753 0.0000 0.0000 -0.0079 0.0000 1.0000
1620602889.072823 0.0000 -1.5753 0.0000 0.0000 -0.0105 0.0000 0.9999
1620602889.106156 0.0000 -1.5753 0.0000 0.0000 -0.0131 0.0000 0.9999
1620602889.139489 0.0000 -1.5753 0.0000 0.0000 -0.0157 0.0000 0.9999
1620602889.172822 0.0000 -1.5753 0.0000 0.0000 -0.0183 0.0000 0.9998
1620602889.206156 0.0000 -1.5753 0.0000 0.0000 -0.0209 0.0000 0.9998
1620602889.239489 0.0000 -1.5753 0.0000 0.0000 -0.0236 0.0000 0.9997
1620602889.272822 0.0000 -1.5753 0.0000 0.0000 -0.0262 0.0000 0.9997
1620602889.306156 0.0000 -1.5753 0.0000 0.0000 -0.0288 0.0000 0.9996
1620602889.339489 0.0000 -1.5753 0.0000 0.0000 -0.0314 0.0000 0.9995
1620602889.372822 0.0000 -1.5753 0.0000 0.0000 -0.0340 0.0000 0.9994
1620602889.406156 0.0000 -1.5753 0.0000 0.0000 -0.0366 0.0000 0.9993
1620602889.439489 0.0000 -1.5753 0.0000 0.0000 -0.0393 0.0000 0.9992
1620602889.472822 0.0000 -1.5753 0.0000 0.0000 -0.0419 0.0000 0.9991
1620602889.506155 0.0000 -1.5753 0.0000 0.0000 -0.0445 0.0000 0.9990
1620602889.539489 0.0000 -1.5753 0.0000 0.0000 -0.0471 0.0000 0.9989
1620602889.572822 0.0000 -1.5753 0.0000 0.0000 -0.0497 0.0000 0.9988
1620602889.606155 0.0000 -1.5753 0.0000 0.0000 -0.0523 0.0000 0.9986
1620602889.639489 0.0000 -1.5753 0.0000 0.0000 -0.0550 0.0000 0.9985
1620602889.672822 0.0000 -1.5753 0.0000 0.0000 -0.0576 0.0000 0.9983
1620602889.706155 0.0000 -1.5753 0.0000 0.0000 -0.0602 0.0000 0.9982
1620602889.739489 0.0000 -1.5753 0.0000 0.0000 -0.0628 0.0000 0.9980
1620602889.772822 0.0000 -1.5753 0.0000 0.0000 -0.0654 0.0000 0.9979
1620602889.806155 0.0000 -1.5753 0.0000 0.0000 -0.0680 0.0000 0.9977
1620602889.839489 0.0000 -1.5753 0.0000 0.0000 -0.0706 0.0000 0.9975
1620602889.872822 0.0000 -1.5753 0.0000 0.0000 -0.0732 0.0000 0.9973
1620602889.906155 0.0000 -1.5753 0.0000 0.0000 -0.0758 0.0000 0.9971
1620602889.939488 0.0000 -1.5753 0.0000 0.0000 -0.0785 0.0000 0.9969
1620602889.972822 0.0000 -1.5753 0.0000 0.0000 -0.0811 0.0000 0.9967
1620602890.006155 0.0000 -1.5753 0.0000 0.0000 -0.0837 0.0000 0.9965
1620602890.039488 0.0000 -1.5753 0.0000 0.0000 -0.0863 0.0000 0.9963
1620602890.072822 0.0000 -1.5753 0.0000 0.0000 -0.0889 0.0000 0.9960
1620602890.106155 0.0000 -1.5753 0.0000 0.0000 -0.0915 0.0000 0.9958
1620602890.139488 0.0000 -1.5753 0.0000 0.0000 -0.0941 0.0000 0.9956
1620602890.172822 0.0000 -1.5753 0.0000 0.0000 -0.0967 0.0000 0.9953
1620602890.206155 0.0000 -1.5753 0.0000 0.0000 -0.0993 0.0000 0.9951
1620602890.239488 0.0000 -1.5753 0.0000 0.0000 -0.1019 0.0000 0.9948
1620602890.272821 0.0000 -1.5753 0.0000 0.0000 -0.1045 0.0000 0.9945
1620602890.306155 0.0000 -1.5753 0.0000 0.0000 -0.1071 0.0000 0.9942
1620602890.339488 0.0000 -1.5753 0.0000 0.0000 -0.1097 0.0000 0.9940
1620602890.372821 0.0000 -1.5753 0.0000 0.0000 -0.1123 0.0000 0.9937
1620602890.406155 0.0000 -1.5753 0.0000 0.0000 -0.1149 0.0000 0.9934
1620602890.439488 0.0000 -1.5753 0.0000 0.0000 -0.1175 0.0000 0.9931
1620602890.472821 0.0000 -1.5753 0.0000 0.0000 -0.1201 0.0000 0.9928
1620602890.506155 0.0000 -1.5753 0.0000 0.0000 -0.1227 0.0000 0.9924
1620602890.539488 0.0000 -1.5753 0.0000 0.0000 -0.1253 0.0000 0.9921
1620602890.572821 0.0000 -1.5753 0.0000 0.0000 -0.1279 0.0000 0.9918
1620602890.606154 0.0000 -1.5753 0.0000 0.0000 -0.1305 0.0000 0.9914
1620602890.639488 0.0000 -1.5753 0.0000 0.0000 -0.1331 0.0000 0.9911
1620602890.672821 0.0000 -1.5753 0.0000 0.0000 -0.1357 0.0000 0.9907
1620602890.706154 0.0000 -1.5753 0.0000 0.0000 -0.1383 0.0000 0.9904
1620602890.739488 0.0000 -1.5753 0.0000 0.0000 -0.1409 0.0000 0.9900
1620602890.772821 0.0000 -1.5753 0.0000 0.0000 -0.1435 0.0000 0.9897
1620602890.806154 0.0000 -1.5753 0.0000 0.0000 -0.1461 0.0000 0.9893
1620602890.839488 0.0000 -1.5753 0.0000 0.0000 -0.1487 0.0000 0.9889
1620602890.872821 0.0000 -1.5753 0.0000 0.0000 -0.1513 0.0000 0.9885
1620602890.906154 0.0000 -1.5753 0.0000 0.0000 -0.1538 0.0000 0.9881
1620602890.939487 0.0000 -1.5753 0.0000 0.0000 -0.1564 0.0000 0.9877
1620602890.972821 0.0000 -1.5753 0.0000 0.0000 -0.1590 0.0000 0.9873
1620602891.006154 0.0000 -1.5753 0.0000 0.0000 -0.1616 0.0000 0.9869
1620602891.039487 0.0000 -1.5753 0.0000 0.0000 -0.1642 0.0000 0.9864
1620602891.072821 0.0000 -1.5753 0.0000 0.0000 -0.1668 0.0000 0.9860
1620602891.106154 0.0000 -1.5753 0.0000 0.0000 -0.1693 0.0000 0.9856
1620602891.139487 0.0000 -1.5753 0.0000 0.0000 -0.1719 0.0000 0.9851
1620602891.172821 0.0000 -1.5753 0.0000 0.0000 -0.1745 0.0000 0.9847
1620602891.206154 0.0000 -1.5753 0.0000 0.0000 -0.1771 0.0000 0.9842
1620602891.239487 0.0000 -1.5753 0.0000 0.0000 -0.1797 0.0000 0.9837
1620602891.272820 0.0000 -1.5753 0.0000 0.0000 -0.1822 0.0000 0.9833
1620602891.306154 0.0000 -1.5753 0.0000 0.0000 -0.1848 0.0000 0.9828
1620602891.339487 0.0000 -1.5753 0.0000 0.0000 -0.1874 0.0000 0.9823
1620602891.372820 0.0000 -1.5753 0.0000 0.0000 -0.1900 0.0000 0.9818
1620602891.406154 0.0000 -1.5753 0.0000 0.0000 -0.1925 0.0000 0.9813
1620602891.439487 0.0000 -1.5753 0.0000 0.0000 -0.1951 0.0000 0.9808
1620602891.472820 0.0000 -1.5753 0.0000 0.0000 -0.1977 0.0000 0.9803
1620602891.506154 0.0000 -1.5753 0.0000 0.0000 -0.2002 0.0000 0.9798
1620602891.539487 0.0000 -1.5753 0.0000 0.0000 -0.2028 0.0000 0.9792
1620602891.572820 0.0000 -1.5753 0.0000 0.0000 -0.2054 0.0000 0.9787
1620602891.606153 0.0000 -1.5753 0.0000 0.0000 -0.2079 0.0000 0.9781
1620602891.639487 0.0000 -1.5753 0.0000 0.0000 -0.2105 0.0000 0.9776
1620602891.672820 0.0000 -1.5753 0.0000 0.0000 -0.2130 0.0000 0.9770
1620602891.706153 0.0000 -1.5753 0.0000 0.0000 -0.2156 0.0000 0.9765
1620602891.739487 0.0000 -1.5753 0.0000 0.0000 -0.2181 0.0000 0.9759
1620602891.772820 0.0000 -1.5753 0.0000 0.0000 -0.2207 0.0000 0.9753
1620602891.806153 0.0000 -1.5753 0.0000 0.0000 -0.2233 0.0000 0.9748
1620602891.839487 0.0000 -1.5753 0.0000 0.0000 -0.2258 0.0000 0.9742
1620602891.872820 0.0000 -1.5753 0.0000 0.0000 -0.2284 0.0000 0.9736
1620602891.906153 0.0000 -1.5753 0.0000 0.0000 -0.2309 0.0000 0.9730
1620602891.939487 0.0000 -1.5753 0.0000 0.0000 -0.2334 0.0000 0.9724
1620602891.972820 0.0000 -1.5753 0.0000 0.0000 -0.2360 0.0000 0.9718
1620602892.006153 0.0000 -1.5753 0.0000 0.0000 -0.2385 0.0000 0.9711
1620602892.039486 0.0000 -1.5753 0.0000 0.0000 -0.2411 0.0000 0.9705
1620602892.072820 0.0000 -1.5753 0.0000 0.0000 -0.2436 0.0000 0.9699
1620602892.106153 0.0000 -1.5753 0.0000 0.0000 -0.2462 0.0000 0.9692
1620602892.139486 0.0000 -1.5753 0.0000 0.0000 -0.2487 0.0000 0.9686
1620602892.172820 0.0000 -1.5753 0.0000 0.0000 -0.2512 0.0000 0.9679
1620602892.206153 0.0000 -1.5753 0.0000 0.0000 -0.2538 0.0000 0.9673
1620602892.239486 0.0000 -1.5753 0.0000 0.0000 -0.2563 0.0000 0.9666
1620602892.272820 0.0000 -1.5753 0.0000 0.0000 -0.2588 0.0000 0.9659
1620602892.306153 0.0000 -1.5753 0.0000 0.0000 -0.2613 0.0000 0.9652
1620602892.339486 0.0000 -1.5753 0.0000 0.0000 -0.2639 0.0000 0.9646
1620602892.372819 0.0000 -1.5753 0.0000 0.0000 -0.2664 0.0000 0.9639
1620602892.406153 0.0000 -1.5753 0.0000 0.0000 -0.2689 0.0000 0.9632
1620602892.439486 0.0000 -1.5753 0.0000 0.0000 -0.2714 0.0000 0.9625
1620602892.472819 0.0000 -1.5753 0.0000 0.0000 -0.2740 0.0000 0.9617
1620602892.506153 0.0000 -1.5753 0.0000 0.0000 -0.2765 0.0000 0.9610
1620602892.539486 0.0000 -1.5753 0.0000 0.0000 -0.2790 0.0000 0.9603
1620602892.572819 0.0000 -1.5753 0.0000 0.0000 -0.2815 0.0000 0.9596
1620602892.606153 0.0000 -1.5753 0.0000 0.0000 -0.2840 0.0000 0.9588
1620602892.639486 0.0000 -1.5753 0.0000 0.0000 -0.2865 0.0000 0.9581
1620602892.672819 0.0000 -1.5753 0.0000 0.0000 -0.2890 0.0000 0.9573
1620602892.706152 0.0000 -1.5753 0.0000 0.0000 -0.2915 0.0000 0.9566
1620602892.739486 0.0000 -1.5753 0.0000 0.0000 -0.2940 0.0000 0.9558
1620602892.772819 0.0000 -1.5753 0.0000 0.0000 -0.2965 0.0000 0.9550
1620602892.806152 0.0000 -1.5753 0.0000 0.0000 -0.2990 0.0000 0.9542
1620602892.839486 0.0000 -1.5753 0.0000 0.0000 -0.3015 0.0000 0.9535
1620602892.872819 0.0000 -1.5753 0.0000 0.0000 -0.3040 0.0000 0.9527
1620602892.906152 0.0000 -1.5753 0.0000 0.0000 -0.3065 0.0000 0.9519
1620602892.939486 0.0000 -1.5753 0.0000 0.0000 -0.3090 0.0000 0.9511
1620602892.972819 0.0000 -1.5753 0.0000 0.0000 -0.3115 0.0000 0.9502
1620602893.006152 0.0000 -1.5753 0.0000 0.0000 -0.3140 0.0000 0.9494
1620602893.039485 0.0000 -1.5753 0.0000 0.0000 -0.3165 0.0000 0.9486
1620602893.072819 0.0000 -1.5753 0.0000 0.0000 -0.3190 0.0000 0.9478
1620602893.106152 0.0000 -1.5753 0.0000 0.0000 -0.3214 0.0000 0.9469
1620602893.139485 0.0000 -1.5753 0.0000 0.0000 -0.3239 0.0000 0.9461
1620602893.172819 0.0000 -1.5753 0.0000 0.0000 -0.3264 0.0000 0.9452
1620602893.206152 0.0000 -1.5753 0.0000 0.0000 -0.3289 0.0000 0.9444
1620602893.239485 0.0000 -1.5753 0.0000 0.0000 -0.3313 0.0000 0.9435
1620602893.272819 0.0000 -1.5753 0.0000 0.0000 -0.3338 0.0000 0.9426
1620602893.306152 0.0000 -1.5753 0.0000 0.0000 -0.3363 0.0000 0.9418
1620602893.339485 0.0000 -1.5753 0.0000 0.0000 -0.3387 0.0000 0.9409
1620602893.372818 0.0000 -1.5753 0.0000 0.0000 -0.3412 0.0000 0.9400
1620602893.406152 0.0000 -1.5753 0.0000 0.0000 -0.3437 0.0000 0.9391
1620602893.439485 0.0000 -1.5753 0.0000 0.0000 -0.3461 0.0000 0.9382
1620602893.472818 0.0000 -1.5753 0.0000 0.0000 -0.3486 0.0000 0.9373
1620602893.506152 0.0000 -1.5753 0.0000 0.0000 -0.3510 0.0000 0.9364
1620602893.539485 0.0000 -1.5753 0.0000 0.0000 -0.3535 0.0000 0.9354
1620602893.572818 0.0000 -1.5753 0.0000 0.0000 -0.3559 0.0000 0.9345
1620602893.606152 0.0000 -1.5753 0.0000 0.0000 -0.3584 0.0000 0.9336
1620602893.639485 0.0000 -1.5753 0.0000 0.0000 -0.3608 0.0000 0.9326
1620602893.672818 0.0000 -1.5753 0.0000 0.0000 -0.3633 0.0000 0.9317
1620602893.706151 0.0000 -1.5753 0.0000 0.0000 -0.3657 0.0000 0.9307
1620602893.739485 0.0000 -1.5753 0.0000 0.0000 -0.3681 0.0000 0.9298
1620602893.772818 0.0000 -1.5753 0.0000 0.0000 -0.3706 0.0000 0.9288
1620602893.806151 0.0000 -1.5753 0.0000 0.0000 -0.3730 0.0000 0.9278
1620602893.839485 0.0000 -1.5753 0.0000 0.0000 -0.3754 0.0000 0.9269
1620602893.872818 0.0000 -1.5753 0.0000 0.0000 -0.3778 0.0000 0.9259
1620602893.906151 0.0000 -1.5753 0.0000 0.0000 -0.3803 0.0000 0.9249
1620602893.939485 0.0000 -1.5753 0.0000 0.0000 -0.3827 0.0000 0.9239
1620602893.972818 0.0000 -1.5753 0.0000 0.0000 -0.3851 0.0000 0.9229
1620602894.006151 0.0000 -1.5753 0.0000 0.0000 -0.3875 0.0000 0.9219
1620602894.039485 0.0000 -1.5753 0.0000 0.0000 -0.3899 0.0000 0.9208
1620602894.072818 0.0000 -1.5753 0.0000 0.0000 -0.3923 0.0000 0.9198
1620602894.106151 0.0000 -1.5753 0.0000 0.0000 -0.3947 0.0000 0.9188
1620602894.139484 0.0000 -1.5753 0.0000 0.0000 -0.3971 0.0000 0.9178
1620602894.172818 0.0000 -1.5753 0.0000 0.0000 -0.3995 0.0000 0.9167
1620602894.206151 0.0000 -1.5753 0.0000 0.0000 -0.4019 0.0000 0.9157
1620602894.239484 0.0000 -1.5753 0.0000 0.0000 -0.4043 0.0000 0.9146
1620602894.272818 0.0000 -1.5753 0.0000 0.0000 -0.4067 0.0000 0.9135
1620602894.306151 0.0000 -1.5753 0.0000 0.0000 -0.4091 0.0000 0.9125
1620602894.339484 0.0000 -1.5753 0.0000 0.0000 -0.4115 0.0000 0.9114
1620602894.372818 0.0000 -1.5753 0.0000 0.0000 -0.4139 0.0000 0.9103
1620602894.406151 0.0000 -1.5753 0.0000 0.0000 -0.4163 0.0000 0.9092
1620602894.439484 0.0000 -1.5753 0.0000 0.0000 -0.4187 0.0000 0.9081
1620602894.472817 0.0000 -1.5753 0.0000 0.0000 -0.4210 0.0000 0.9070
1620602894.506151 0.0000 -1.5753 0.0000 0.0000 -0.4234 0.0000 0.9059
1620602894.539484 0.0000 -1.5753 0.0000 0.0000 -0.4258 0.0000 0.9048
1620602894.572817 0.0000 -1.5753 0.0000 0.0000 -0.4281 0.0000 0.9037
1620602894.606151 0.0000 -1.5753 0.0000 0.0000 -0.4305 0.0000 0.9026
1620602894.639484 0.0000 -1.5753 0.0000 0.0000 -0.4329 0.0000 0.9015
1620602894.672817 0.0000 -1.5753 0.0000 0.0000 -0.4352 0.0000 0.9003
1620602894.706151 0.0000 -1.5753 0.0000 0.0000 -0.4376 0.0000 0.8992
1620602894.739484 0.0000 -1.5753 0.0000 0.0000 -0.4399 0.0000 0.8980
1620602894.772817 0.0000 -1.5753 0.0000 0.0000 -0.4423 0.0000 0.8969
1620602894.806150 0.0000 -1.5753 0.0000 0.0000 -0.4446 0.0000 0.8957
1620602894.839484 0.0000 -1.5753 0.0000 0.0000 -0.4470 0.0000 0.8945
1620602894.872817 0.0000 -1.5753 0.0000 0.0000 -0.4493 0.0000 0.8934
1620602894.906150 0.0000 -1.5753 0.0000 0.0000 -0.4517 0.0000 0.8922
1620602894.939484 0.0000 -1.5753 0.0000 0.0000 -0.4540 0.0000 0.8910
1620602894.972817 0.0000 -1.5753 0.0000 0.0000 -0.4563 0.0000 0.8898
1620602895.006150 0.0000 -1.5753 0.0000 0.0000 -0.4586 0.0000 0.8886
1620602895.039484 0.0000 -1.5753 0.0000 0.0000 -0.4610 0.0000 0.8874
1620602895.072817 0.0000 -1.5753 0.0000 0.0000 -0.4633 0.0000 0.8862
1620602895.106150 0.0000 -1.5753 0.0000 0.0000 -0.4656 0.0000 0.8850
1620602895.139483 0.0000 -1.5753 0.0000 0.0000 -0.4679 0.0000 0.8838
1620602895.172817 0.0000 -1.5753 0.0000 0.0000 -0.4702 0.0000 0.8825
1620602895.206150 0.0000 -1.5753 0.0000 0.0000 -0.4726 0.0000 0.8813
1620602895.239483 0.0000 -1.5753 0.0000 0.0000 -0.4749 0.0000 0.8801
1620602895.272817 0.0000 -1.5753 0.0000 0.0000 -0.4772 0.0000 0.8788
1620602895.306150 0.0000 -1.5753 0.0000 0.0000 -0.4795 0.0000 0.8776
1620602895.339483 0.0000 -1.5753 0.0000 0.0000 -0.4818 0.0000 0.8763
1620602895.372817 0.0000 -1.5753 0.0000 0.0000 -0.4840 0.0000 0.8750
1620602895.406150 0.0000 -1.5753 0.0000 0.0000 -0.4863 0.0000 0.8738
1620602895.439483 0.0000 -1.5753 0.0000 0.0000 -0.4886 0.0000 0.8725
1620602895.472816 0.0000 -1.5753 0.0000 0.0000 -0.4909 0.0000 0.8712
1620602895.506150 0.0000 -1.5753 0.0000 0.0000 -0.4932 0.0000 0.8699
1620602895.539483 0.0000 -1.5753 0.0000 0.0000 -0.4955 0.0000 0.8686
1620602895.572816 0.0000 -1.5753 0.0000 0.0000 -0.4977 0.0000 0.8673
1620602895.606150 0.0000 -1.5753 0.0000 0.0000 -0.5000 0.0000 0.8660
1620602895.639483 0.0000 -1.5753 0.0000 0.0000 -0.5023 0.0000 0.8647
1620602895.672816 0.0000 -1.5753 0.0000 0.0000 -0.5045 0.0000 0.8634
1620602895.706150 0.0000 -1.5753 0.0000 0.0000 -0.5068 0.0000 0.8621
1620602895.739483 0.0000 -1.5753 0.0000 0.0000 -0.5090 0.0000 0.8607
1620602895.772816 0.0000 -1.5753 0.0000 0.0000 -0.5113 0.0000 0.8594
1620602895.806149 0.0000 -1.5753 0.0000 0.0000 -0.5135 0.0000 0.8581
1620602895.839483 0.0000 -1.5753 0.0000 0.0000 -0.5158 0.0000 0.8567
1620602895.872816 0.0000 -1.5753 0.0000 0.0000 -0.5180 0.0000 0.8554
1620602895.906149 0.0000 -1.5753 0.0000 0.0000 -0.5203 0.0000 0.8540
1620602895.939483 0.0000 -1.5753 0.0000 0.0000 -0.5225 0.0000 0.8526
1620602895.972816 0.0000 -1.5753 0.0000 0.0000 -0.5247 0.0000 0.8513
1620602896.006149 0.0000 -1.5753 0.0000 0.0000 -0.5270 0.0000 0.8499
1620602896.039483 0.0000 -1.5753 0.0000 0.0000 -0.5292 0.0000 0.8485
1620602896.072816 0.0000 -1.5753 0.0000 0.0000 -0.5314 0.0000 0.8471
1620602896.106149 0.0000 -1.5753 0.0000 0.0000 -0.5336 0.0000 0.8457
1620602896.139482 0.0000 -1.5753 0.0000 0.0000 -0.5358 0.0000 0.8443
1620602896.172816 0.0000 -1.5753 0.0000 0.0000 -0.5380 0.0000 0.8429
1620602896.206149 0.0000 -1.5753 0.0000 0.0000 -0.5402 0.0000 0.8415
1620602896.239482 0.0000 -1.5753 0.0000 0.0000 -0.5424 0.0000 0.8401
1620602896.272816 0.0000 -1.5753 0.0000 0.0000 -0.5446 0.0000 0.8387
1620602896.306149 0.0000 -1.5753 0.0000 0.0000 -0.5468 0.0000 0.8372
1620602896.339482 0.0000 -1.5753 0.0000 0.0000 -0.5490 0.0000 0.8358
1620602896.372816 0.0000 -1.5753 0.0000 0.0000 -0.5512 0.0000 0.8344
1620602896.406149 0.0000 -1.5753 0.0000 0.0000 -0.5534 0.0000 0.8329
1620602896.439482 0.0000 -1.5753 0.0000 0.0000 -0.5556 0.0000 0.8315
1620602896.472816 0.0000 -1.5753 0.0000 0.0000 -0.5577 0.0000 0.8300
1620602896.506149 0.0000 -1.5753 0.0000 0.0000 -0.5599 0.0000 0.8285
1620602896.539482 0.0000 -1.5753 0.0000 0.0000 -0.5621 0.0000 0.8271
1620602896.572815 0.0000 -1.5753 0.0000 0.0000 -0.5642 0.0000 0.8256
1620602896.606149 0.0000 -1.5753 0.0000 0.0000 -0.5664 0.0000 0.8241
1620602896.639482 0.0000 -1.5753 0.0000 0.0000 -0.5686 0.0000 0.8226
1620602896.672815 0.0000 -1.5753 0.0000 0.0000 -0.5707 0.0000 0.8211
1620602896.706149 0.0000 -1.5753 0.0000 0.0000 -0.5729 0.0000 0.8197
1620602896.739482 0.0000 -1.5753 0.0000 0.0000 -0.5750 0.0000 0.8181
1620602896.772815 0.0000 -1.5753 0.0000 0.0000 -0.5771 0.0000 0.8166
1620602896.806149 0.0000 -1.5753 0.0000 0.0000 -0.5793 0.0000 0.8151
1620602896.839482 0.0000 -1.5753 0.0000 0.0000 -0.5814 0.0000 0.8136
1620602896.872815 0.0000 -1.5753 0.0000 0.0000 -0.5835 0.0000 0.8121
1620602896.906148 0.0000 -1.5753 0.0000 0.0000 -0.5857 0.0000 0.8106
1620602896.939482 0.0000 -1.5753 0.0000 0.0000 -0.5878 0.0000 0.8090
1620602896.972815 0.0000 -1.5753 0.0000 0.0000 -0.5899 0.0000 0.8075
1620602897.006148 0.0000 -1.5753 0.0000 0.0000 -0.5920 0.0000 0.8059
1620602897.039482 0.0000 -1.5753 0.0000 0.0000 -0.5941 0.0000 0.8044
1620602897.072815 0.0000 -1.5753 0.0000 0.0000 -0.5962 0.0000 0.8028
1620602897.106148 0.0000 -1.5753 0.0000 0.0000 -0.5983 0.0000 0.8013
1620602897.139482 0.0000 -1.5753 0.0000 0.0000 -0.6004 0.0000 0.7997
1620602897.172815 0.0000 -1.5753 0.0000 0.0000 -0.6025 0.0000 0.7981
1620602897.206148 0.0000 -1.5753 0.0000 0.0000 -0.6046 0.0000 0.7965
1620602897.239481 0.0000 -1.5753 0.0000 0.0000 -0.6067 0.0000 0.7949
1620602897.272815 0.0000 -1.5753 0.0000 0.0000 -0.6088 0.0000 0.7934
1620602897.306148 0.0000 -1.5753 0.0000 0.0000 -0.6108 0.0000 0.7918
1620602897.339481 0.0000 -1.5753 0.0000 0.0000 -0.6129 0.0000 0.7902
1620602897.372815 0.0000 -1.5753 0.0000 0.0000 -0.6150 0.0000 0.7885
1620602897.406148 0.0000 -1.5753 0.0000 0.0000 -0.6170 0.0000 0.7869
1620602897.439481 0.0000 -1.5753 0.0000 0.0000 -0.6191 0.0000 0.7853
1620602897.472815 0.0000 -1.5753 0.0000 0.0000 -0.6211 0.0000 0.7837
1620602897.506148 0.0000 -1.5753 0.0000 0.0000 -0.6232 0.0000 0.7821
1620602897.539481 0.0000 -1.5753 0.0000 0.0000 -0.6252 0.0000 0.7804
1620602897.572814 0.0000 -1.5753 0.0000 0.0000 -0.6273 0.0000 0.7788
1620602897.606148 0.0000 -1.5753 0.0000 0.0000 -0.6293 0.0000 0.7771
1620602897.639481 0.0000 -1.5753 0.0000 0.0000 -0.6314 0.0000 0.7755
1620602897.672814 0.0000 -1.5753 0.0000 0.0000 -0.6334 0.0000 0.7738
1620602897.706148 0.0000 -1.5753 0.0000 0.0000 -0.6354 0.0000 0.7722
1620602897.739481 0.0000 -1.5753 0.0000 0.0000 -0.6374 0.0000 0.7705
1620602897.772814 0.0000 -1.5753 0.0000 0.0000 -0.6394 0.0000 0.7688
1620602897.806148 0.0000 -1.5753 0.0000 0.0000 -0.6414 0.0000 0.7672
1620602897.839481 0.0000 -1.5753 0.0000 0.0000 -0.6435 0.0000 0.7655
1620602897.872814 0.0000 -1.5753 0.0000 0.0000 -0.6455 0.0000 0.7638
1620602897.906147 0.0000 -1.5753 0.0000 0.0000 -0.6475 0.0000 0.7621
1620602897.939481 0.0000 -1.5753 0.0000 0.0000 -0.6494 0.0000 0.7604
1620602897.972814 0.0000 -1.5753 0.0000 0.0000 -0.6514 0.0000 0.7587
1620602898.006147 0.0000 -1.5753 0.0000 0.0000 -0.6534 0.0000 0.7570
1620602898.039481 0.0000 -1.5753 0.0000 0.0000 -0.6554 0.0000 0.7553
1620602898.072814 0.0000 -1.5753 0.0000 0.0000 -0.6574 0.0000 0.7536
1620602898.106147 0.0000 -1.5753 0.0000 0.0000 -0.6593 0.0000 0.7518
1620602898.139481 0.0000 -1.5753 0.0000 0.0000 -0.6613 0.0000 0.7501
1620602898.172814 0.0000 -1.5753 0.0000 0.0000 -0.6633 0.0000 0.7484
1620602898.206147 0.0000 -1.5753 0.0000 0.0000 -0.6652 0.0000 0.7466
1620602898.239480 0.0000 -1.5753 0.0000 0.0000 -0.6672 0.0000 0.7449
1620602898.272814 0.0000 -1.5753 0.0000 0.0000 -0.6691 0.0000 0.7431
1620602898.306147 0.0000 -1.5753 0.0000 0.0000 -0.6711 0.0000 0.7414
1620602898.339480 0.0000 -1.5753 0.0000 0.0000 -0.6730 0.0000 0.7396
1620602898.372814 0.0000 -1.5753 0.0000 0.0000 -0.6749 0.0000 0.7379
1620602898.406147 0.0000 -1.5753 0.0000 0.0000 -0.6769 0.0000 0.7361
1620602898.439480 0.0000 -1.5753 0.0000 0.0000 -0.6788 0.0000 0.7343
1620602898.472814 0.0000 -1.5753 0.0000 0.0000 -0.6807 0.0000 0.7325
1620602898.506147 0.0000 -1.5753 0.0000 0.0000 -0.6826 0.0000 0.7308
1620602898.539480 0.0000 -1.5753 0.0000 0.0000 -0.6845 0.0000 0.7290
1620602898.572814 0.0000 -1.5753 0.0000 0.0000 -0.6865 0.0000 0.7272
1620602898.606147 0.0000 -1.5753 0.0000 0.0000 -0.6884 0.0000 0.7254
1620602898.639480 0.0000 -1.5753 0.0000 0.0000 -0.6903 0.0000 0.7236
1620602898.672813 0.0000 -1.5753 0.0000 0.0000 -0.6921 0.0000 0.7218
1620602898.706147 0.0000 -1.5753 0.0000 0.0000 -0.6940 0.0000 0.7199
1620602898.739480 0.0000 -1.5753 0.0000 0.0000 -0.6959 0.0000 0.7181
1620602898.772813 0.0000 -1.5753 0.0000 0.0000 -0.6978 0.0000 0.7163
1620602898.806147 0.0000 -1.5753 0.0000 0.0000 -0.6997 0.0000 0.7145
1620602898.839480 0.0000 -1.5753 0.0000 0.0000 -0.7015 0.0000 0.7126
1620602898.872813 0.0000 -1.5753 0.0000 0.0000 -0.7034 0.0000 0.7108
1620602898.906147 0.0000 -1.5753 0.0000 0.0000 -0.7053 0.0000 0.7090
1620602898.939480 0.0000 -1.5753 0.0000 0.0000 -0.7071 0.0000 0.7071
1620602898.972813 0.0000 -1.5753 0.0000 0.0000 -0.7090 0.0000 0.7053
1620602899.006146 0.0000 -1.5753 0.0000 0.0000 -0.7108 0.0000 0.7034
1620602899.039480 0.0000 -1.5753 0.0000 0.0000 -0.7126 0.0000 0.7015
1620602899.072813 0.0300 -1.5795 0.0005 0.0000 -0.7126 0.0000 0.7015
1620602899.106146 0.0600 -1.5838 0.0009 0.0000 -0.7126 0.0000 0.7015
1620602899.139480 0.0900 -1.5880 0.0014 0.0000 -0.7126 0.0000 0.7015
1620602899.172813 0.1200 -1.5923 0.0019 0.0000 -0.7126 0.0000 0.7015
1620602899.206146 0.1500 -1.5965 0.0024 0.0000 -0.7126 0.0000 0.7015
1620602899.239480 0.1800 -1.6003 0.0028 0.0000 -0.7126 0.0000 0.7015
1620602899.272813 0.2100 -1.6003 0.0033 0.0000 -0.7126 0.0000 0.7015
1620602899.306146 0.2400 -1.6003 0.0038 0.0000 -0.7126 0.0000 0.7015
1620602899.339479 0.2700 -1.6003 0.0042 0.0000 -0.7126 0.0000 0.7015
1620602899.372813 0.3000 -1.6003 0.0047 0.0000 -0.7126 0.0000 0.7015
1620602899.406146 0.3300 -1.6003 0.0052 0.0000 -0.7126 0.0000 0.7015
1620602899.439479 0.3600 -1.6003 0.0057 0.0000 -0.7126 0.0000 0.7015
1620602899.472813 0.3900 -1.6003 0.0061 0.0000 -0.7126 0.0000 0.7015
1620602899.506146 0.4199 -1.6003 0.0066 0.0000 -0.7126 0.0000 0.7015
1620602899.539479 0.4499 -1.6003 0.0071 0.0000 -0.7126 0.0000 0.7015
1620602899.572813 0.4799 -1.6003 0.0075 0.0000 -0.7126 0.0000 0.7015
1620602899.606146 0.5099 -1.6003 0.0080 0.0000 -0.7126 0.0000 0.7015
1620602899.639479 0.5399 -1.6003 0.0085 0.0000 -0.7126 0.0000 0.7015
1620602899.672812 0.5699 -1.6003 0.0090 0.0000 -0.7126 0.0000 0.7015
1620602899.706146 0.5999 -1.6003 0.0094 0.0000 -0.7126 0.0000 0.7015
1620602899.739479 0.6299 -1.6003 0.0099 0.0000 -0.7126 0.0000 0.7015
1620602899.772812 0.6599 -1.6003 0.0104 0.0000 -0.7126 0.0000 0.7015
1620602899.806146 0.6899 -1.6003 0.0108 0.0000 -0.7126 0.0000 0.7015
1620602899.839479 0.7199 -1.6003 0.0113 0.0000 -0.7126 0.0000 0.7015
1620602899.872812 0.7499 -1.6003 0.0118 0.0000 -0.7126 0.0000 0.7015
1620602899.906146 0.7799 -1.6003 0.0123 0.0000 -0.7126 0.0000 0.7015
1620602899.939479 0.8099 -1.6003 0.0127 0.0000 -0.7126 0.0000 0.7015
1620602899.972812 0.8399 -1.6003 0.0132 0.0000 -0.7126 0.0000 0.7015
1620602900.006145 0.8699 -1.6003 0.0137 0.0000 -0.7126 0.0000 0.7015
1620602900.039479 0.8699 -1.6003 0.0137 0.0000 -0.7145 0.0000 0.6997
1620602900.072812 0.8699 -1.6003 0.0137 0.0000 -0.7163 0.0000 0.6978
1620602900.106145 0.8699 -1.6003 0.0137 0.0000 -0.7181 0.0000 0.6959
1620602900.139479 0.8699 -1.6003 0.0137 0.0000 -0.7199 0.0000 0.6940
1620602900.172812 0.8699 -1.6003 0.0137 0.0000 -0.7218 0.0000 0.6921
1620602900.206145 0.8699 -1.6003 0.0137 0.0000 -0.7236 0.0000 0.6903
1620602900.239479 0.8699 -1.6003 0.0137 0.0000 -0.7254 0.0000 0.6884
1620602900.272812 0.8699 -1.6003 0.0137 0.0000 -0.7272 0.0000 0.6865
1620602900.306145 0.8699 -1.6003 0.0137 0.0000 -0.7290 0.0000 0.6845
1620602900.339478 0.8699 -1.6003 0.0137 0.0000 -0.7308 0.0000 0.6826
1620602900.372812 0.8699 -1.6003 0.0137 0.0000 -0.7325 0.0000 0.6807
1620602900.406145 0.8699 -1.6003 0.0137 0.0000 -0.7343 0.0000 0.6788
1620602900.439478 0.8699 -1.6003 0.0137 0.0000 -0.7361 0.0000 0.6769
1620602900.472812 0.8699 -1.6003 0.0137 0.0000 -0.7379 0.0000 0.6749
1620602900.506145 0.8699 -1.6003 0.0137 0.0000 -0.7396 0.0000 0.6730
1620602900.539478 0.8699 -1.6003 0.0137 0.0000 -0.7414 0.0000 0.6711
1620602900.572812 0.8699 -1.6003 0.0137 0.0000 -0.7431 0.0000 0.6691
1620602900.606145 0.8699 -1.6003 0.0137 0.0000 -0.7449 0.0000 0.6672
1620602900.639478 0.8699 -1.6003 0.0137 0.0000 -0.7466 0.0000 0.6652
1620602900.672812 0.8699 -1.6003 0.0137 0.0000 -0.7484 0.0000 0.6633
1620602900.706145 0.8699 -1.6003 0.0137 0.0000 -0.7501 0.0000 0.6613
1620602900.739478 0.8699 -1.6003 0.0137 0.0000 -0.7518 0.0000 0.6593
1620602900.772811 0.8699 -1.6003 0.0137 0.0000 -0.7536 0.0000 0.6574
1620602900.806145 0.8699 -1.6003 0.0137 0.0000 -0.7553 0.0000 0.6554
1620602900.839478 0.8699 -1.6003 0.0137 0.0000 -0.7570 0.0000 0.6534
1620602900.872811 0.8699 -1.6003 0.0137 0.0000 -0.7587 0.0000 0.6514
1620602900.906145 0.8699 -1.6003 0.0137 0.0000 -0.7604 0.0000 0.6494
1620602900.939478 0.8699 -1.6003 0.0137 0.0000 -0.7621 0.0000 0.6475
1620602900.972811 0.8699 -1.6003 0.0137 0.0000 -0.7638 0.0000 0.6455
1620602901.006145 0.8699 -1.6003 0.0137 0.0000 -0.7655 0.0000 0.6435
1620602901.039478 0.8699 -1.6003 0.0137 0.0000 -0.7672 0.0000 0.6414
1620602901.072811 0.8699 -1.6003 0.0137 0.0000 -0.7688 0.0000 0.6394
1620602901.106144 0.8699 -1.6003 0.0137 0.0000 -0.7705 0.0000 0.6374
1620602901.139478 0.8699 -1.6003 0.0137 0.0000 -0.7722 0.0000 0.6354
1620602901.172811 0.8699 -1.6003 0.0137 0.0000 -0.7738 0.0000 0.6334
1620602901.206144 0.8699 -1.6003 0.0137 0.0000 -0.7755 0.0000 0.6314
1620602901.239478 0.8699 -1.6003 0.0137 0.0000 -0.7771 0.0000 0.6293
1620602901.272811 0.8699 -1.6003 0.0137 0.0000 -0.7788 0.0000 0.6273
1620602901.306144 0.8699 -1.6003 0.0137 0.0000 -0.7804 0.0000 0.6252
1620602901.339478 0.8699 -1.6003 0.0137 0.0000 -0.7821 0.0000 0.6232
1620602901.372811 0.8699 -1.6003 0.0137 0.0000 -0.7837 0.0000 0.6211
1620602901.406144 0.8699 -1.6003 0.0137 0.0000 -0.7853 0.0000 0.6191
1620602901.439477 0.8699 -1.6003 0.0137 0.0000 -0.7869 0.0000 0.6170
1620602901.472811 0.8699 -1.6003 0.0137 0.0000 -0.7885 0.0000 0.6150
1620602901.506144 0.8699 -1.6003 0.0137 0.0000 -0.7902 0.0000 0.6129
1620602901.539477 0.8699 -1.6003 0.0137 0.0000 -0.7918 0.0000 0.6108
1620602901.572811 0.8699 -1.6003 0.0137 0.0000 -0.7934 0.0000 0.6088
1620602901.606144 0.8699 -1.6003 0.0137 0.0000 -0.7949 0.0000 0.6067
1620602901.639477 0.8699 -1.6003 0.0137 0.0000 -0.7965 0.0000 0.6046
1620602901.672811 0.8699 -1.6003 0.0137 0.0000 -0.7981 0.0000 0.6025
1620602901.706144 0.8699 -1.6003 0.0137 0.0000 -0.7997 0.0000 0.6004
1620602901.739477 0.8699 -1.6003 0.0137 0.0000 -0.8013 0.0000 0.5983
1620602901.772810 0.8699 -1.6003 0.0137 0.0000 -0.8028 0.0000 0.5962
1620602901.806144 0.8699 -1.6003 0.0137 0.0000 -0.8044 0.0000 0.5941
1620602901.839477 0.8699 -1.6003 0.0137 0.0000 -0.8059 0.0000 0.5920
1620602901.872810 0.8699 -1.6003 0.0137 0.0000 -0.8075 0.0000 0.5899
1620602901.906144 0.8699 -1.6003 0.0137 0.0000 -0.8090 0.0000 0.5878
1620602901.939477 0.8699 -1.6003 0.0137 0.0000 -0.8106 0.0000 0.5857
1620602901.972810 0.8699 -1.6003 0.0137 0.0000 -0.8121 0.0000 0.5835
1620602902.006144 0.8699 -1.6003 0.0137 0.0000 -0.8136 0.0000 0.5814
1620602902.039477 0.8699 -1.6003 0.0137 0.0000 -0.8151 0.0000 0.5793
1620602902.072810 0.8699 -1.6003 0.0137 0.0000 -0.8166 0.0000 0.5771
1620602902.106143 0.8699 -1.6003 0.0137 0.0000 -0.8181 0.0000 0.5750
1620602902.139477 0.8699 -1.6003 0.0137 0.0000 -0.8197 0.0000 0.5729
1620602902.172810 0.8699 -1.6003 0.0137 0.0000 -0.8211 0.0000 0.5707
1620602902.206143 0.8699 -1.6003 0.0137 0.0000 -0.8226 0.0000 0.5686
1620602902.239477 0.8699 -1.6003 0.0137 0.0000 -0.8241 0.0000 0.5664
1620602902.272810 0.8699 -1.6003 0.0137 0.0000 -0.8256 0.0000 0.5642
1620602902.306143 0.8699 -1.6003 0.0137 0.0000 -0.8271 0.0000 0.5621
1620602902.339477 0.8699 -1.6003 0.0137 0.0000 -0.8285 0.0000 0.5599
1620602902.372810 0.8977 -1.6003 0.0249 0.0000 -0.8285 0.0000 0.5599
1620602902.406143 0.9256 -1.6003 0.0360 0.0000 -0.8285 0.0000 0.5599
1620602902.439476 0.9534 -1.6003 0.0472 0.0000 -0.8285 0.0000 0.5599
1620602902.472810 0.9812 -1.6003 0.0584 0.0000 -0.8285 0.0000 0.5599
1620602902.506143 1.0091 -1.6003 0.0696 0.0000 -0.8285 0.0000 0.5599
1620602902.539476 1.0369 -1.6003 0.0808 0.0000 -0.8285 0.0000 0.5599
1620602902.572810 1.0647 -1.6003 0.0920 0.0000 -0.8285 0.0000 0.5599
1620602902.606143 1.0926 -1.6003 0.1032 0.0000 -0.8285 0.0000 0.5599
1620602902.639476 1.1204 -1.6003 0.1144 0.0000 -0.8285 0.0000 0.5599
1620602902.672810 1.1204 -1.6003 0.1144 0.0000 -0.8300 0.0000 0.5577
1620602902.706143 1.1204 -1.6003 0.1144 0.0000 -0.8315 0.0000 0.5556
1620602902.739476 1.1204 -1.6003 0.1144 0.0000 -0.8329 0.0000 0.5534
1620602902.772810 1.1204 -1.6003 0.1144 0.0000 -0.8344 0.0000 0.5512
1620602902.806143 1.1204 -1.6003 0.1144 0.0000 -0.8358 0.0000 0.5490
1620602902.839476 1.1204 -1.6003 0.1144 0.0000 -0.8372 0.0000 0.5468
1620602902.872809 1.1204 -1.6003 0.1144 0.0000 -0.8387 0.0000 0.5446
1620602902.906143 1.1204 -1.6003 0.1144 0.0000 -0.8401 0.0000 0.5424
1620602902.939476 1.1204 -1.6003 0.1144 0.0000 -0.8415 0.0000 0.5402
1620602902.972809 1.1204 -1.6003 0.1144 0.0000 -0.8429 0.0000 0.5380
1620602903.006143 1.1204 -1.6003 0.1144 0.0000 -0.8443 0.0000 0.5358
1620602903.039476 1.1204 -1.6003 0.1144 0.0000 -0.8457 0.0000 0.5336
1620602903.072809 1.1204 -1.6003 0.1144 0.0000 -0.8471 0.0000 0.5314
1620602903.106143 1.1204 -1.6003 0.1144 0.0000 -0.8485 0.0000 0.5292
1620602903.139476 1.1204 -1.6003 0.1144 0.0000 -0.8499 0.0000 0.5270
1620602903.172809 1.1204 -1.6003 0.1144 0.0000 -0.8513 0.0000 0.5247
1620602903.206142 1.1204 -1.6003 0.1144 0.0000 -0.8526 0.0000 0.5225
1620602903.239476 1.1204 -1.6003 0.1144 0.0000 -0.8540 0.0000 0.5203
1620602903.272809 1.1204 -1.6003 0.1144 0.0000 -0.8554 0.0000 0.5180
1620602903.306142 1.1204 -1.6003 0.1144 0.0000 -0.8567 0.0000 0.5158
1620602903.339476 1.1204 -1.6003 0.1144 0.0000 -0.8581 0.0000 0.5135
1620602903.372809 1.1204 -1.6003 0.1144 0.0000 -0.8594 0.0000 0.5113
1620602903.406142 1.1204 -1.6003 0.1144 0.0000 -0.8607 0.0000 0.5090
1620602903.439476 1.1204 -1.6003 0.1144 0.0000 -0.8621 0.0000 0.5068
1620602903.472809 1.1204 -1.6003 0.1144 0.0000 -0.8634 0.0000 0.5045
1620602903.506142 1.1204 -1.6003 0.1144 0.0000 -0.8647 0.0000 0.5023
1620602903.539475 1.1204 -1.6003 0.1144 0.0000 -0.8660 0.0000 0.5000
1620602903.572809 1.1204 -1.6003 0.1144 0.0000 -0.8673 0.0000 0.4977
1620602903.606142 1.1204 -1.6003 0.1144 0.0000 -0.8686 0.0000 0.4955
1620602903.639475 1.1204 -1.6003 0.1144 0.0000 -0.8699 0.0000 0.4932
1620602903.672809 1.1204 -1.6003 0.1144 0.0000 -0.8712 0.0000 0.4909
1620602903.706142 1.1461 -1.6003 0.1299 0.0000 -0.8712 0.0000 0.4909
1620602903.739475 1.1717 -1.6003 0.1455 0.0000 -0.8712 0.0000 0.4909
1620602903.772809 1.1974 -1.6003 0.1610 0.0000 -0.8712 0.0000 0.4909
1620602903.806142 1.2231 -1.6003 0.1765 0.0000 -0.8712 0.0000 0.4909
1620602903.839475 1.2487 -1.6003 0.1921 0.0000 -0.8712 0.0000 0.4909
1620602903.872808 1.2744 -1.6003 0.2076 0.0000 -0.8712 0.0000 0.4909
1620602903.906142 1.3000 -1.6003 0.2232 0.0000 -0.8712 0.0000 0.4909
1620602903.939475 1.3257 -1.6003 0.2387 0.0000 -0.8712 0.0000 0.4909
1620602903.972808 1.3514 -1.6003 0.2542 0.0000 -0.8712 0.0000 0.4909
1620602904.006142 1.3770 -1.6003 0.2698 0.0000 -0.8712 0.0000 0.4909
1620602904.039475 1.4027 -1.6003 0.2853 0.0000 -0.8712 0.0000 0.4909
1620602904.072808 1.4283 -1.6003 0.3009 0.0000 -0.8712 0.0000 0.4909
1620602904.106142 1.4540 -1.6003 0.3164 0.0000 -0.8712 0.0000 0.4909
1620602904.139475 1.4797 -1.6003 0.3319 0.0000 -0.8712 0.0000 0.4909
1620602904.172808 1.5053 -1.6003 0.3475 0.0000 -0.8712 0.0000 0.4909
1620602904.206141 1.5310 -1.6003 0.3630 0.0000 -0.8712 0.0000 0.4909
1620602904.239475 1.5566 -1.6003 0.3786 0.0000 -0.8712 0.0000 0.4909
1620602904.272808 1.5823 -1.6003 0.3941 0.0000 -0.8712 0.0000 0.4909
1620602904.306141 1.6080 -1.6003 0.4096 0.0000 -0.8712 0.0000 0.4909
1620602904.339475 1.6336 -1.6003 0.4252 0.0000 -0.8712 0.0000 0.4909
1620602904.372808 1.6593 -1.6003 0.4407 0.0000 -0.8712 0.0000 0.4909
1620602904.406141 1.6849 -1.6003 0.4563 0.0000 -0.8712 0.0000 0.4909
1620602904.439475 1.7106 -1.6003 0.4718 0.0000 -0.8712 0.0000 0.4909
1620602904.472808 1.7363 -1.6003 0.4874 0.0000 -0.8712 0.0000 0.4909
1620602904.506141 1.7619 -1.6003 0.5029 0.0000 -0.8712 0.0000 0.4909
1620602904.539474 1.7876 -1.6003 0.5184 0.0000 -0.8712 0.0000 0.4909
1620602904.572808 1.8133 -1.6003 0.5340 0.0000 -0.8712 0.0000 0.4909
1620602904.606141 1.8389 -1.6003 0.5495 0.0000 -0.8712 0.0000 0.4909
1620602904.639474 1.8646 -1.6003 0.5651 0.0000 -0.8712 0.0000 0.4909
1620602904.672808 1.8902 -1.6003 0.5806 0.0000 -0.8712 0.0000 0.4909
1620602904.706141 1.9159 -1.6003 0.5961 0.0000 -0.8712 0.0000 0.4909
1620602904.739474 1.9416 -1.6003 0.6117 0.0000 -0.8712 0.0000 0.4909
1620602904.772808 1.9672 -1.6003 0.6272 0.0000 -0.8712 0.0000 0.4909
1620602904.806141 1.9929 -1.6003 0.6428 0.0000 -0.8712 0.0000 0.4909
1620602904.839474 2.0185 -1.6003 0.6583 0.0000 -0.8712 0.0000 0.4909
1620602904.872808 2.0442 -1.6003 0.6738 0.0000 -0.8712 0.0000 0.4909
1620602904.906141 2.0699 -1.6003 0.6894 0.0000 -0.8712 0.0000 0.4909
1620602904.939474 2.0955 -1.6003 0.7049 0.0000 -0.8712 0.0000 0.4909
1620602904.972807 2.1212 -1.6003 0.7205 0.0000 -0.8712 0.0000 0.4909
1620602905.006141 2.1468 -1.6003 0.7360 0.0000 -0.8712 0.0000 0.4909
1620602905.039474 2.1725 -1.6003 0.7515 0.0000 -0.8712 0.0000 0.4909
1620602905.072807 2.1982 -1.6003 0.7671 0.0000 -0.8712 0.0000 0.4909
1620602905.106141 2.2238 -1.6003 0.7826 0.0000 -0.8712 0.0000 0.4909
1620602905.139474 2.2238 -1.6003 0.7826 0.0000 -0.8699 0.0000 0.4932
1620602905.172807 2.2238 -1.6003 0.7826 0.0000 -0.8686 0.0000 0.4955
1620602905.206141 2.2238 -1.6003 0.7826 0.0000 -0.8673 0.0000 0.4977
1620602905.239474 2.2238 -1.6003 0.7826 0.0000 -0.8660 0.0000 0.5000
1620602905.272807 2.2238 -1.6003 0.7826 0.0000 -0.8647 0.0000 0.5023
1620602905.306140 2.2238 -1.6003 0.7826 0.0000 -0.8634 0.0000 0.5045
1620602905.339474 2.2238 -1.6003 0.7826 0.0000 -0.8621 0.0000 0.5068
1620602905.372807 2.2238 -1.6003 0.7826 0.0000 -0.8607 0.0000 0.5090
1620602905.406140 2.2238 -1.6003 0.7826 0.0000 -0.8594 0.0000 0.5113
1620602905.439474 2.2238 -1.6003 0.7826 0.0000 -0.8581 0.0000 0.5135
1620602905.472807 2.2238 -1.6003 0.7826 0.0000 -0.8567 0.0000 0.5158
1620602905.506140 2.2238 -1.6003 0.7826 0.0000 -0.8554 0.0000 0.5180
1620602905.539474 2.2238 -1.6003 0.7826 0.0000 -0.8540 0.0000 0.5203
1620602905.572807 2.2238 -1.6003 0.7826 0.0000 -0.8526 0.0000 0.5225
1620602905.606140 2.2238 -1.6003 0.7826 0.0000 -0.8513 0.0000 0.5247
1620602905.639473 2.2238 -1.6003 0.7826 0.0000 -0.8499 0.0000 0.5270
1620602905.672807 2.2238 -1.6003 0.7826 0.0000 -0.8485 0.0000 0.5292
1620602905.706140 2.2238 -1.6003 0.7826 0.0000 -0.8471 0.0000 0.5314
1620602905.739473 2.2238 -1.6003 0.7826 0.0000 -0.8457 0.0000 0.5336
1620602905.772807 2.2238 -1.6003 0.7826 0.0000 -0.8443 0.0000 0.5358
1620602905.806140 2.2238 -1.6003 0.7826 0.0000 -0.8429 0.0000 0.5380
1620602905.839473 2.2238 -1.6003 0.7826 0.0000 -0.8415 0.0000 0.5402
1620602905.872807 2.2238 -1.6003 0.7826 0.0000 -0.8401 0.0000 0.5424
1620602905.906140 2.2238 -1.6003 0.7826 0.0000 -0.8387 0.0000 0.5446
1620602905.939473 2.2238 -1.6003 0.7826 0.0000 -0.8372 0.0000 0.5468
1620602905.972806 2.2238 -1.6003 0.7826 0.0000 -0.8358 0.0000 0.5490
1620602906.006140 2.2238 -1.6003 0.7826 0.0000 -0.8344 0.0000 0.5512
1620602906.039473 2.2238 -1.6003 0.7826 0.0000 -0.8329 0.0000 0.5534
1620602906.072806 2.2238 -1.6003 0.7826 0.0000 -0.8315 0.0000 0.5556
1620602906.106140 2.2238 -1.6003 0.7826 0.0000 -0.8300 0.0000 0.5577
1620602906.139473 2.2238 -1.6003 0.7826 0.0000 -0.8285 0.0000 0.5599
1620602906.172806 2.2238 -1.6003 0.7826 0.0000 -0.8271 0.0000 0.5621
1620602906.206140 2.2238 -1.6003 0.7826 0.0000 -0.8256 0.0000 0.5642
1620602906.239473 2.2238 -1.6003 0.7826 0.0000 -0.8241 0.0000 0.5664
1620602906.272806 2.2238 -1.6003 0.7826 0.0000 -0.8226 0.0000 0.5686
1620602906.306139 2.2238 -1.6003 0.7826 0.0000 -0.8211 0.0000 0.5707
1620602906.339473 2.2238 -1.6003 0.7826 0.0000 -0.8197 0.0000 0.5729
1620602906.372806 2.2238 -1.6003 0.7826 0.0000 -0.8181 0.0000 0.5750
1620602906.406139 2.2238 -1.6003 0.7826 0.0000 -0.8166 0.0000 0.5771
1620602906.439473 2.2238 -1.6003 0.7826 0.0000 -0.8151 0.0000 0.5793
1620602906.472806 2.2238 -1.6003 0.7826 0.0000 -0.8136 0.0000 0.5814
1620602906.506139 2.2238 -1.6003 0.7826 0.0000 -0.8121 0.0000 0.5835
1620602906.539473 2.2238 -1.6003 0.7826 0.0000 -0.8106 0.0000 0.5857
1620602906.572806 2.2238 -1.6003 0.7826 0.0000 -0.8090 0.0000 0.5878
1620602906.606139 2.2238 -1.6003 0.7826 0.0000 -0.8075 0.0000 0.5899
1620602906.639472 2.2238 -1.6003 0.7826 0.0000 -0.8059 0.0000 0.5920
1620602906.672806 2.2238 -1.6003 0.7826 0.0000 -0.8044 0.0000 0.5941
1620602906.706139 2.2238 -1.6003 0.7826 0.0000 -0.8028 0.0000 0.5962
1620602906.739472 2.2238 -1.6003 0.7826 0.0000 -0.8013 0.0000 0.5983
1620602906.772806 2.2238 -1.6003 0.7826 0.0000 -0.7997 0.0000 0.6004
1620602906.806139 2.2238 -1.6003 0.7826 0.0000 -0.7981 0.0000 0.6025
1620602906.839472 2.2238 -1.6003 0.7826 0.0000 -0.7965 0.0000 0.6046
1620602906.872806 2.2238 -1.6003 0.7826 0.0000 -0.7949 0.0000 0.6067
1620602906.906139 2.2238 -1.6003 0.7826 0.0000 -0.7934 0.0000 0.6088
1620602906.939472 2.2238 -1.6003 0.7826 0.0000 -0.7918 0.0000 0.6108
1620602906.972806 2.2238 -1.6003 0.7826 0.0000 -0.7902 0.0000 0.6129
1620602907.006139 2.2238 -1.6003 0.7826 0.0000 -0.7885 0.0000 0.6150
1620602907.039472 2.2238 -1.6003 0.7826 0.0000 -0.7869 0.0000 0.6170
1620602907.072805 2.2238 -1.6003 0.7826 0.0000 -0.7853 0.0000 0.6191
1620602907.106139 2.2238 -1.6003 0.7826 0.0000 -0.7837 0.0000 0.6211
1620602907.139472 2.2238 -1.6003 0.7826 0.0000 -0.7821 0.0000 0.6232
1620602907.172805 2.2238 -1.6003 0.7826 0.0000 -0.7804 0.0000 0.6252
1620602907.206139 2.2238 -1.6003 0.7826 0.0000 -0.7788 0.0000 0.6273
1620602907.239472 2.2238 -1.6003 0.7826 0.0000 -0.7771 0.0000 0.6293
1620602907.272805 2.2238 -1.6003 0.7826 0.0000 -0.7755 0.0000 0.6314
1620602907.306139 2.2238 -1.6003 0.7826 0.0000 -0.7738 0.0000 0.6334
1620602907.339472 2.2238 -1.6003 0.7826 0.0000 -0.7722 0.0000 0.6354
1620602907.372805 2.2238 -1.6003 0.7826 0.0000 -0.7705 0.0000 0.6374
1620602907.406138 2.2238 -1.6003 0.7826 0.0000 -0.7688 0.0000 0.6394
1620602907.439472 2.2238 -1.6003 0.7826 0.0000 -0.7672 0.0000 0.6414
1620602907.472805 2.2238 -1.6003 0.7826 0.0000 -0.7655 0.0000 0.6435
1620602907.506138 2.2238 -1.6003 0.7826 0.0000 -0.7638 0.0000 0.6455
1620602907.539472 2.2238 -1.6003 0.7826 0.0000 -0.7621 0.0000 0.6475
1620602907.572805 2.2238 -1.6003 0.7826 0.0000 -0.7604 0.0000 0.6494
1620602907.606138 2.2238 -1.6003 0.7826 0.0000 -0.7587 0.0000 0.6514
1620602907.639472 2.2238 -1.6003 0.7826 0.0000 -0.7570 0.0000 0.6534
1620602907.672805 2.2238 -1.6003 0.7826 0.0000 -0.7553 0.0000 0.6554
1620602907.706138 2.2238 -1.6003 0.7826 0.0000 -0.7536 0.0000 0.6574
1620602907.739471 2.2238 -1.6003 0.7826 0.0000 -0.7518 0.0000 0.6593
1620602907.772805 2.2238 -1.6003 0.7826 0.0000 -0.7501 0.0000 0.6613
1620602907.806138 2.2238 -1.6003 0.7826 0.0000 -0.7484 0.0000 0.6633
1620602907.839471 2.2238 -1.6003 0.7826 0.0000 -0.7466 0.0000 0.6652
1620602907.872805 2.2238 -1.6003 0.7826 0.0000 -0.7449 0.0000 0.6672
1620602907.906138 2.2238 -1.6003 0.7826 0.0000 -0.7431 0.0000 0.6691
1620602907.939471 2.2238 -1.6003 0.7826 0.0000 -0.7414 0.0000 0.6711
1620602907.972805 2.2238 -1.6003 0.7826 0.0000 -0.7396 0.0000 0.6730
1620602908.006138 2.2238 -1.6003 0.7826 0.0000 -0.7379 0.0000 0.6749
1620602908.039471 2.2238 -1.6003 0.7826 0.0000 -0.7361 0.0000 0.6769
1620602908.072804 2.2238 -1.6003 0.7826 0.0000 -0.7343 0.0000 0.6788
1620602908.106138 2.2238 -1.6003 0.7826 0.0000 -0.7325 0.0000 0.6807
1620602908.139471 2.2238 -1.6003 0.7826 0.0000 -0.7308 0.0000 0.6826
1620602908.172804 2.2238 -1.6003 0.7826 0.0000 -0.7290 0.0000 0.6845
1620602908.206138 2.2238 -1.6003 0.7826 0.0000 -0.7272 0.0000 0.6865
1620602908.239471 2.2238 -1.6003 0.7826 0.0000 -0.7254 0.0000 0.6884
1620602908.272804 2.2238 -1.6003 0.7826 0.0000 -0.7236 0.0000 0.6903
1620602908.306138 2.2238 -1.6003 0.7826 0.0000 -0.7218 0.0000 0.6921
1620602908.339471 2.2238 -1.6003 0.7826 0.0000 -0.7199 0.0000 0.6940
1620602908.372804 2.2238 -1.6003 0.7826 0.0000 -0.7181 0.0000 0.6959
1620602908.406137 2.2238 -1.6003 0.7826 0.0000 -0.7163 0.0000 0.6978
1620602908.439471 2.2238 -1.6003 0.7826 0.0000 -0.7145 0.0000 0.6997
1620602908.472804 2.2238 -1.6003 0.7826 0.0000 -0.7126 0.0000 0.7015
1620602908.506137 2.2238 -1.6003 0.7826 0.0000 -0.7108 0.0000 0.7034
1620602908.539471 2.2238 -1.6003 0.7826 0.0000 -0.7090 0.0000 0.7053
1620602908.572804 2.2238 -1.6003 0.7826 0.0000 -0.7071 0.0000 0.7071
1620602908.606137 2.2397 -1.6003 0.7826 0.0000 -0.7071 0.0000 0.7071
1620602908.639471 2.2397 -1.6003 0.7826 0.0000 -0.7071 0.0000 0.7071
1620602908.672804 2.2397 -1.6003 0.7826 0.0000 -0.7071 0.0000 0.7071
1620602908.706137 2.2397 -1.6003 0.7826 0.0000 -0.7071 0.0000 0.7071
1620602908.739470 2.2397 -1.6003 0.7826 0.0000 -0.7071 0.0000 0.7071
1620602908.772804 2.2397 -1.6003 0.7826 0.0000 -0.7071 0.0000 0.7071
1620602908.806137 2.2397 -1.6003 0.7826 0.0000 -0.7071 0.0000 0.7071
1620602908.839470 2.2397 -1.6003 0.7826 0.0000 -0.7071 0.0000 0.7071
1620602908.872804 2.2397 -1.6003 0.7826 0.0000 -0.7071 0.0000 0.7071
1620602908.906137 2.2397 -1.6003 0.7826 0.0000 -0.7071 0.0000 0.7071
1620602908.939470 2.2397 -1.6003 0.7826 0.0000 -0.7071 0.0000 0.7071
1620602908.972804 2.2397 -1.6003 0.7826 0.0000 -0.7071 0.0000 0.7071
1620602909.006137 2.2397 -1.6003 0.7826 0.0000 -0.7071 0.0000 0.7071
1620602909.039470 2.2397 -1.6003 0.7826 0.0000 -0.7071 0.0000 0.7071
1620602909.072803 2.2397 -1.6003 0.7826 0.0000 -0.7071 0.0000 0.7071
1620602909.106137 2.2397 -1.6003 0.7826 0.0000 -0.7071 0.0000 0.7071
1620602909.139470 2.2397 -1.6003 0.7826 0.0000 -0.7071 0.0000 0.7071
1620602909.172803 2.2397 -1.6003 0.7826 0.0000 -0.7071 0.0000 0.7071
1620602909.206137 2.2397 -1.6003 0.7826 0.0000 -0.7071 0.0000 0.7071
1620602909.239470 2.2397 -1.6003 0.7826 0.0000 -0.7071 0.0000 0.7071
1620602909.272803 2.2397 -1.6003 0.7826 0.0000 -0.7071 0.0000 0.7071
1620602909.306137 2.2397 -1.6003 0.7826 0.0000 -0.7071 0.0000 0.7071
1620602909.339470 2.2397 -1.6003 0.7826 0.0000 -0.7071 0.0000 0.7071
1620602909.372803 2.2397 -1.6003 0.7826 0.0000 -0.7071 0.0000 0.7071
1620602909.406137 2.2397 -1.6003 0.7826 0.0000 -0.7071 0.0000 0.7071
1620602909.439470 2.2397 -1.6003 0.7826 0.0000 -0.7071 0.0000 0.7071
1620602909.472803 2.2397 -1.6003 0.7826 0.0000 -0.7071 0.0000 0.7071
1620602909.506136 2.2397 -1.6003 0.7826 0.0000 -0.7071 0.0000 0.7071
1620602909.539470 2.2397 -1.6003 0.7826 0.0000 -0.7071 0.0000 0.7071
1620602909.572803 2.2397 -1.6003 0.7826 0.0000 -0.7071 0.0000 0.7071
