# ground truth trajectory
# file: 'rgbd_dataset_freiburg1_xyz.bag'
# timestamp tx ty tz qx qy qz qw
1620774712.416656 0.0000 -0.0000 -0.0000 -0.0000 -0.0000 -0.0000 1.0000
1620774712.449989 0.0000 -0.0059 0.0500 -0.0000 -0.0000 -0.0000 1.0000
1620774712.483322 0.0000 -0.0118 0.1000 -0.0000 -0.0000 -0.0000 1.0000
1620774712.516656 0.0000 -0.0177 0.1500 -0.0000 -0.0000 -0.0000 1.0000
1620774712.549989 0.0000 -0.0237 0.2000 -0.0000 -0.0000 -0.0000 1.0000
1620774712.583322 0.0000 -0.0296 0.2500 -0.0000 -0.0000 -0.0000 1.0000
1620774712.616656 0.0000 -0.0355 0.3000 -0.0000 -0.0000 -0.0000 1.0000
1620774712.649989 0.0000 -0.0355 0.3013 -0.0000 0.0131 -0.0000 0.9999
1620774712.683322 0.0001 -0.0355 0.3026 -0.0000 0.0262 -0.0000 0.9997
1620774712.716655 0.0002 -0.0355 0.3039 -0.0000 0.0393 -0.0000 0.9992
1620774712.749989 0.0003 -0.0355 0.3052 -0.0000 0.0523 -0.0000 0.9986
1620774712.783322 0.0004 -0.0355 0.3065 -0.0000 0.0654 -0.0000 0.9979
1620774712.816655 0.0006 -0.0355 0.3078 -0.0000 0.0785 -0.0000 0.9969
1620774712.849989 0.0008 -0.0355 0.3091 -0.0000 0.0915 -0.0000 0.9958
1620774712.883322 0.0011 -0.0355 0.3104 -0.0000 0.1045 -0.0000 0.9945
1620774712.916655 0.0014 -0.0355 0.3117 -0.0000 0.1175 -0.0000 0.9931
1620774712.949989 0.0131 -0.0396 0.3603 -0.0000 0.1175 -0.0000 0.9931
1620774712.983322 0.0247 -0.0437 0.4089 -0.0000 0.1175 -0.0000 0.9931
1620774713.016655 0.0364 -0.0478 0.4575 -0.0000 0.1175 -0.0000 0.9931
1620774713.049989 0.0481 -0.0520 0.5061 -0.0000 0.1175 -0.0000 0.9931
1620774713.083322 0.0597 -0.0561 0.5548 -0.0000 0.1175 -0.0000 0.9931
1620774713.116655 0.0714 -0.0602 0.6034 -0.0000 0.1175 -0.0000 0.9931
1620774713.149988 0.0831 -0.0643 0.6520 -0.0000 0.1175 -0.0000 0.9931
1620774713.183322 0.0948 -0.0684 0.7006 -0.0000 0.1175 -0.0000 0.9931
1620774713.216655 0.1064 -0.0726 0.7492 -0.0000 0.1175 -0.0000 0.9931
1620774713.249988 0.1181 -0.0767 0.7979 -0.0000 0.1175 -0.0000 0.9931
1620774713.283322 0.1298 -0.0628 0.8465 -0.0000 0.1175 -0.0000 0.9931
1620774713.316655 0.1414 -0.0437 0.8951 -0.0000 0.1175 -0.0000 0.9931
1620774713.349988 0.1531 -0.0247 0.9437 -0.0000 0.1175 -0.0000 0.9931
1620774713.383322 0.1648 -0.0057 0.9923 -0.0000 0.1175 -0.0000 0.9931
1620774713.416655 0.1765 0.0134 1.0409 -0.0000 0.1175 -0.0000 0.9931
1620774713.449988 0.1881 0.0250 1.0896 -0.0000 0.1175 -0.0000 0.9931
1620774713.483321 0.1998 0.0250 1.1382 -0.0000 0.1175 -0.0000 0.9931
1620774713.516655 0.2115 0.0250 1.1868 -0.0000 0.1175 -0.0000 0.9931
1620774713.549988 0.2232 0.0250 1.2354 -0.0000 0.1175 -0.0000 0.9931
1620774713.583321 0.2235 0.0250 1.2367 -0.0000 0.1305 -0.0000 0.9914
1620774713.616655 0.2238 0.0250 1.2380 -0.0000 0.1435 -0.0000 0.9897
1620774713.649988 0.2242 0.0250 1.2392 -0.0000 0.1564 -0.0000 0.9877
1620774713.683321 0.2246 0.0250 1.2404 -0.0000 0.1693 -0.0000 0.9856
1620774713.716655 0.2251 0.0250 1.2417 -0.0000 0.1822 -0.0000 0.9833
1620774713.749988 0.2430 0.0250 1.2883 -0.0000 0.1822 -0.0000 0.9833
1620774713.783321 0.2609 0.0250 1.3350 -0.0000 0.1822 -0.0000 0.9833
1620774713.816654 0.2788 0.0250 1.3817 -0.0000 0.1822 -0.0000 0.9833
1620774713.849988 0.2968 0.0250 1.4284 -0.0000 0.1822 -0.0000 0.9833
1620774713.883321 0.2973 0.0250 1.4296 -0.0000 0.1951 -0.0000 0.9808
1620774713.916654 0.2978 0.0250 1.4308 -0.0000 0.2079 -0.0000 0.9781
1620774713.949988 0.2983 0.0250 1.4320 -0.0000 0.2207 -0.0000 0.9753
1620774713.983321 0.2989 0.0250 1.4332 -0.0000 0.2334 -0.0000 0.9724
1620774714.016654 0.2995 0.0250 1.4343 -0.0000 0.2462 -0.0000 0.9692
1620774714.049988 0.3234 0.0197 1.4783 -0.0000 0.2462 -0.0000 0.9692
1620774714.083321 0.3472 0.0113 1.5222 -0.0000 0.2462 -0.0000 0.9692
1620774714.116654 0.3479 0.0113 1.5233 -0.0000 0.2588 -0.0000 0.9659
1620774714.149987 0.3485 0.0113 1.5245 -0.0000 0.2714 -0.0000 0.9625
1620774714.183321 0.3492 0.0113 1.5256 -0.0000 0.2840 -0.0000 0.9588
1620774714.216654 0.3500 0.0113 1.5267 -0.0000 0.2965 -0.0000 0.9550
1620774714.249987 0.3507 0.0113 1.5277 -0.0000 0.3090 -0.0000 0.9511
1620774714.283321 0.3515 0.0113 1.5288 -0.0000 0.3214 -0.0000 0.9469
1620774714.316654 0.3819 0.0048 1.5685 -0.0000 0.3214 -0.0000 0.9469
1620774714.349987 0.4124 -0.0018 1.6081 -0.0000 0.3214 -0.0000 0.9469
1620774714.383321 0.4428 -0.0084 1.6478 -0.0000 0.3214 -0.0000 0.9469
1620774714.416654 0.4436 -0.0084 1.6488 -0.0000 0.3338 -0.0000 0.9426
1620774714.449987 0.4445 -0.0084 1.6498 -0.0000 0.3461 -0.0000 0.9382
1620774714.483320 0.4453 -0.0084 1.6508 -0.0000 0.3584 -0.0000 0.9336
1620774714.516654 0.4462 -0.0084 1.6518 -0.0000 0.3706 -0.0000 0.9288
1620774714.549987 0.4471 -0.0084 1.6527 -0.0000 0.3827 -0.0000 0.9239
1620774714.583320 0.4825 -0.0134 1.6881 -0.0000 0.3827 -0.0000 0.9239
1620774714.616654 0.5178 -0.0184 1.7234 -0.0000 0.3827 -0.0000 0.9239
1620774714.649987 0.5532 -0.0233 1.7588 -0.0000 0.3827 -0.0000 0.9239
1620774714.683320 0.5885 -0.0283 1.7941 -0.0000 0.3827 -0.0000 0.9239
1620774714.716654 0.5895 -0.0283 1.7950 -0.0000 0.3947 -0.0000 0.9188
1620774714.749987 0.5904 -0.0283 1.7959 -0.0000 0.4067 -0.0000 0.9135
1620774714.783320 0.5914 -0.0283 1.7968 -0.0000 0.4187 -0.0000 0.9081
1620774714.816653 0.5924 -0.0283 1.7976 -0.0000 0.4305 -0.0000 0.9026
1620774714.849987 0.5935 -0.0283 1.7984 -0.0000 0.4423 -0.0000 0.8969
1620774714.883320 0.5945 -0.0283 1.7992 -0.0000 0.4540 -0.0000 0.8910
1620774714.916653 0.6350 -0.0312 1.8286 -0.0000 0.4540 -0.0000 0.8910
1620774714.949987 0.6754 -0.0342 1.8580 -0.0000 0.4540 -0.0000 0.8910
1620774714.983320 0.6765 -0.0342 1.8588 -0.0000 0.4656 -0.0000 0.8850
1620774715.016653 0.6776 -0.0342 1.8595 -0.0000 0.4772 -0.0000 0.8788
1620774715.049987 0.6787 -0.0342 1.8602 -0.0000 0.4886 -0.0000 0.8725
1620774715.083320 0.6798 -0.0342 1.8609 -0.0000 0.5000 -0.0000 0.8660
1620774715.116653 0.6809 -0.0342 1.8615 -0.0000 0.5113 -0.0000 0.8594
1620774715.149987 0.7249 -0.0353 1.8854 -0.0000 0.5113 -0.0000 0.8594
1620774715.183320 0.7688 -0.0365 1.9092 -0.0000 0.5113 -0.0000 0.8594
1620774715.216653 0.8128 -0.0376 1.9331 -0.0000 0.5113 -0.0000 0.8594
1620774715.249986 0.8139 -0.0376 1.9337 -0.0000 0.5225 -0.0000 0.8526
1620774715.283320 0.8151 -0.0376 1.9343 -0.0000 0.5336 -0.0000 0.8457
1620774715.316653 0.8163 -0.0376 1.9348 -0.0000 0.5446 -0.0000 0.8387
1620774715.349986 0.8175 -0.0376 1.9353 -0.0000 0.5556 -0.0000 0.8315
1620774715.383320 0.8637 -0.0373 1.9545 -0.0000 0.5556 -0.0000 0.8315
1620774715.416653 0.9099 -0.0369 1.9736 -0.0000 0.5556 -0.0000 0.8315
1620774715.449986 0.9561 -0.0366 1.9927 -0.0000 0.5556 -0.0000 0.8315
1620774715.483320 1.0023 -0.0362 2.0119 -0.0000 0.5556 -0.0000 0.8315
1620774715.516653 1.0485 -0.0359 2.0310 -0.0000 0.5556 -0.0000 0.8315
1620774715.549986 1.0497 -0.0359 2.0315 -0.0000 0.5664 -0.0000 0.8241
1620774715.583319 1.0509 -0.0359 2.0319 -0.0000 0.5771 -0.0000 0.8166
1620774715.616653 1.0521 -0.0359 2.0323 -0.0000 0.5878 -0.0000 0.8090
1620774715.649986 1.0997 -0.0345 2.0478 -0.0000 0.5878 -0.0000 0.8090
1620774715.683319 1.1472 -0.0331 2.0633 -0.0000 0.5878 -0.0000 0.8090
1620774715.716653 1.1485 -0.0331 2.0636 -0.0000 0.5983 -0.0000 0.8013
1620774715.749986 1.1498 -0.0331 2.0640 -0.0000 0.6088 -0.0000 0.7934
1620774715.783319 1.1510 -0.0331 2.0643 -0.0000 0.6191 -0.0000 0.7853
1620774715.816653 1.1996 -0.0340 2.0760 -0.0000 0.6191 -0.0000 0.7853
1620774715.849986 1.2483 -0.0375 2.0877 -0.0000 0.6191 -0.0000 0.7853
1620774715.883319 1.2495 -0.0375 2.0880 -0.0000 0.6293 -0.0000 0.7771
1620774715.916652 1.2508 -0.0375 2.0882 -0.0000 0.6394 -0.0000 0.7688
1620774715.949986 1.2521 -0.0375 2.0884 -0.0000 0.6494 -0.0000 0.7604
1620774715.983319 1.3015 -0.0390 2.0962 -0.0000 0.6494 -0.0000 0.7604
1620774716.016652 1.3509 -0.0404 2.1041 -0.0000 0.6494 -0.0000 0.7604
1620774716.049986 1.4003 -0.0419 2.1119 -0.0000 0.6494 -0.0000 0.7604
1620774716.083319 1.4497 -0.0433 2.1197 -0.0000 0.6494 -0.0000 0.7604
1620774716.116652 1.4990 -0.0448 2.1275 -0.0000 0.6494 -0.0000 0.7604
1620774716.149986 1.5484 -0.0462 2.1354 -0.0000 0.6494 -0.0000 0.7604
1620774716.183319 1.5978 -0.0477 2.1432 -0.0000 0.6494 -0.0000 0.7604
1620774716.216652 1.6472 -0.0491 2.1510 -0.0000 0.6494 -0.0000 0.7604
1620774716.249985 1.6966 -0.0506 2.1588 -0.0000 0.6494 -0.0000 0.7604
1620774716.283319 1.7460 -0.0520 2.1666 -0.0000 0.6494 -0.0000 0.7604
1620774716.316652 1.7953 -0.0535 2.1745 -0.0000 0.6494 -0.0000 0.7604
1620774716.349985 1.8447 -0.0549 2.1823 -0.0000 0.6494 -0.0000 0.7604
1620774716.383319 1.8941 -0.0563 2.1901 -0.0000 0.6494 -0.0000 0.7604
1620774716.416652 1.9435 -0.0578 2.1979 -0.0000 0.6494 -0.0000 0.7604
1620774716.449985 1.9929 -0.0592 2.2058 -0.0000 0.6494 -0.0000 0.7604
1620774716.483319 1.9942 -0.0592 2.2059 -0.0000 0.6593 -0.0000 0.7518
1620774716.516652 1.9955 -0.0592 2.2061 -0.0000 0.6691 -0.0000 0.7431
1620774716.549985 2.0452 -0.0593 2.2113 -0.0000 0.6691 -0.0000 0.7431
1620774716.583318 2.0949 -0.0594 2.2165 -0.0000 0.6691 -0.0000 0.7431
1620774716.616652 2.1447 -0.0594 2.2218 -0.0000 0.6691 -0.0000 0.7431
1620774716.649985 2.1944 -0.0595 2.2270 -0.0000 0.6691 -0.0000 0.7431
1620774716.683318 2.2441 -0.0595 2.2322 -0.0000 0.6691 -0.0000 0.7431
1620774716.716652 2.2938 -0.0596 2.2375 -0.0000 0.6691 -0.0000 0.7431
1620774716.749985 2.3436 -0.0596 2.2427 -0.0000 0.6691 -0.0000 0.7431
1620774716.783318 2.3933 -0.0597 2.2479 -0.0000 0.6691 -0.0000 0.7431
1620774716.816652 2.4430 -0.0598 2.2531 -0.0000 0.6691 -0.0000 0.7431
1620774716.849985 2.4927 -0.0598 2.2584 -0.0000 0.6691 -0.0000 0.7431
1620774716.883318 2.5425 -0.0599 2.2636 -0.0000 0.6691 -0.0000 0.7431
1620774716.916651 2.5922 -0.0599 2.2688 -0.0000 0.6691 -0.0000 0.7431
1620774716.949985 2.6419 -0.0600 2.2740 -0.0000 0.6691 -0.0000 0.7431
1620774716.983318 2.6916 -0.0600 2.2793 -0.0000 0.6691 -0.0000 0.7431
1620774717.016651 2.7414 -0.0601 2.2845 -0.0000 0.6691 -0.0000 0.7431
1620774717.049985 2.7427 -0.0601 2.2846 -0.0000 0.6788 -0.0000 0.7343
1620774717.083318 2.7440 -0.0601 2.2847 -0.0000 0.6884 -0.0000 0.7254
1620774717.116651 2.7939 -0.0588 2.2873 -0.0000 0.6884 -0.0000 0.7254
1620774717.149985 2.8438 -0.0574 2.2899 -0.0000 0.6884 -0.0000 0.7254
1620774717.183318 2.8938 -0.0561 2.2925 -0.0000 0.6884 -0.0000 0.7254
1620774717.216651 2.9437 -0.0548 2.2952 -0.0000 0.6884 -0.0000 0.7254
1620774717.249985 2.9936 -0.0534 2.2978 -0.0000 0.6884 -0.0000 0.7254
1620774717.283318 3.0436 -0.0521 2.3004 -0.0000 0.6884 -0.0000 0.7254
1620774717.316651 3.0935 -0.0508 2.3030 -0.0000 0.6884 -0.0000 0.7254
1620774717.349984 3.1434 -0.0494 2.3056 -0.0000 0.6884 -0.0000 0.7254
1620774717.383318 3.1934 -0.0481 2.3082 -0.0000 0.6884 -0.0000 0.7254
1620774717.416651 3.2433 -0.0468 2.3109 -0.0000 0.6884 -0.0000 0.7254
1620774717.449984 3.2932 -0.0454 2.3135 -0.0000 0.6884 -0.0000 0.7254
1620774717.483318 3.3432 -0.0436 2.3151 -0.0000 0.6884 -0.0000 0.7254
1620774717.516651 3.3931 -0.0414 2.3162 -0.0000 0.6884 -0.0000 0.7254
1620774717.549984 3.4431 -0.0393 2.3173 -0.0000 0.6884 -0.0000 0.7254
1620774717.583318 3.4931 -0.0371 2.3184 -0.0000 0.6884 -0.0000 0.7254
1620774717.616651 3.5430 -0.0350 2.3194 -0.0000 0.6884 -0.0000 0.7254
1620774717.649984 3.5930 -0.0328 2.3205 -0.0000 0.6884 -0.0000 0.7254
1620774717.683317 3.6430 -0.0307 2.3216 -0.0000 0.6884 -0.0000 0.7254
1620774717.716651 3.6929 -0.0285 2.3227 -0.0000 0.6884 -0.0000 0.7254
1620774717.749984 3.7429 -0.0264 2.3237 -0.0000 0.6884 -0.0000 0.7254
1620774717.783317 3.7929 -0.0242 2.3248 -0.0000 0.6884 -0.0000 0.7254
1620774717.816651 3.8428 -0.0221 2.3259 -0.0000 0.6884 -0.0000 0.7254
1620774717.849984 3.8928 -0.0200 2.3270 -0.0000 0.6884 -0.0000 0.7254
1620774717.883317 3.9428 -0.0178 2.3280 -0.0000 0.6884 -0.0000 0.7254
1620774717.916651 3.9927 -0.0157 2.3291 -0.0000 0.6884 -0.0000 0.7254
1620774717.949984 4.0427 -0.0135 2.3302 -0.0000 0.6884 -0.0000 0.7254
1620774717.983317 4.0926 -0.0114 2.3313 -0.0000 0.6884 -0.0000 0.7254
1620774718.016650 4.1426 -0.0092 2.3323 -0.0000 0.6884 -0.0000 0.7254
1620774718.049984 4.1926 -0.0071 2.3334 -0.0000 0.6884 -0.0000 0.7254
1620774718.083317 4.2425 -0.0049 2.3345 -0.0000 0.6884 -0.0000 0.7254
1620774718.116650 4.2925 -0.0028 2.3355 -0.0000 0.6884 -0.0000 0.7254
1620774718.149984 4.3425 -0.0006 2.3366 -0.0000 0.6884 -0.0000 0.7254
1620774718.183317 4.3924 0.0015 2.3377 -0.0000 0.6884 -0.0000 0.7254
1620774718.216650 4.4424 0.0037 2.3388 -0.0000 0.6884 -0.0000 0.7254
1620774718.249984 4.4924 0.0058 2.3398 -0.0000 0.6884 -0.0000 0.7254
1620774718.283317 4.5423 0.0080 2.3409 -0.0000 0.6884 -0.0000 0.7254
1620774718.316650 4.5923 0.0101 2.3420 -0.0000 0.6884 -0.0000 0.7254
1620774718.349983 4.6423 0.0123 2.3431 -0.0000 0.6884 -0.0000 0.7254
1620774718.383317 4.6922 0.0144 2.3441 -0.0000 0.6884 -0.0000 0.7254
1620774718.416650 4.7422 0.0166 2.3452 -0.0000 0.6884 -0.0000 0.7254
1620774718.449983 4.7922 0.0187 2.3463 -0.0000 0.6884 -0.0000 0.7254
1620774718.483317 4.8421 0.0209 2.3474 -0.0000 0.6884 -0.0000 0.7254
1620774718.516650 4.8921 0.0230 2.3484 -0.0000 0.6884 -0.0000 0.7254
1620774718.549983 4.9420 0.0250 2.3494 -0.0000 0.6884 -0.0000 0.7254
1620774718.583317 4.9919 0.0250 2.3494 -0.0000 0.6884 -0.0000 0.7254
1620774718.616650 4.9933 0.0250 2.3495 -0.0000 0.6978 -0.0000 0.7163
1620774718.649983 4.9946 0.0250 2.3495 -0.0000 0.7071 -0.0000 0.7071
1620774718.683316 4.9959 0.0250 2.3495 -0.0000 0.7163 -0.0000 0.6978
1620774718.716650 4.9972 0.0250 2.3494 -0.0000 0.7254 -0.0000 0.6884
1620774718.749983 5.0471 0.0250 2.3468 -0.0000 0.7254 -0.0000 0.6884
1620774718.783316 5.0970 0.0250 2.3442 -0.0000 0.7254 -0.0000 0.6884
1620774718.816650 5.1470 0.0250 2.3416 -0.0000 0.7254 -0.0000 0.6884
1620774718.849983 5.1969 0.0250 2.3389 -0.0000 0.7254 -0.0000 0.6884
1620774718.883316 5.1982 0.0250 2.3389 -0.0000 0.7343 -0.0000 0.6788
1620774718.916650 5.1995 0.0250 2.3387 -0.0000 0.7431 -0.0000 0.6691
1620774718.949983 5.2008 0.0250 2.3386 -0.0000 0.7518 -0.0000 0.6593
1620774718.983316 5.2021 0.0250 2.3384 -0.0000 0.7604 -0.0000 0.6494
1620774719.016649 5.2034 0.0250 2.3382 -0.0000 0.7688 -0.0000 0.6394
1620774719.049983 5.2047 0.0250 2.3379 -0.0000 0.7771 -0.0000 0.6293
1620774719.083316 5.2060 0.0250 2.3376 -0.0000 0.7853 -0.0000 0.6191
1620774719.116649 5.2072 0.0250 2.3373 -0.0000 0.7934 -0.0000 0.6088
1620774719.149983 5.2085 0.0250 2.3370 -0.0000 0.8013 -0.0000 0.5983
1620774719.183316 5.2097 0.0250 2.3366 -0.0000 0.8090 -0.0000 0.5878
1620774719.216649 5.2110 0.0250 2.3361 -0.0000 0.8166 -0.0000 0.5771
1620774719.249983 5.2122 0.0250 2.3357 -0.0000 0.8241 -0.0000 0.5664
1620774719.283316 5.2134 0.0250 2.3352 -0.0000 0.8315 -0.0000 0.5556
1620774719.316649 5.2146 0.0250 2.3347 -0.0000 0.8387 -0.0000 0.5446
1620774719.349983 5.2158 0.0250 2.3341 -0.0000 0.8457 -0.0000 0.5336
1620774719.383316 5.2170 0.0250 2.3336 -0.0000 0.8526 -0.0000 0.5225
1620774719.416649 5.2181 0.0250 2.3330 -0.0000 0.8594 -0.0000 0.5113
1620774719.449982 5.2193 0.0250 2.3323 -0.0000 0.8660 -0.0000 0.5000
1620774719.483316 5.2204 0.0250 2.3316 -0.0000 0.8725 -0.0000 0.4886
1620774719.516649 5.2215 0.0250 2.3309 -0.0000 0.8788 -0.0000 0.4772
1620774719.549982 5.2226 0.0250 2.3302 -0.0000 0.8850 -0.0000 0.4656
1620774719.583316 5.2237 0.0250 2.3295 -0.0000 0.8910 -0.0000 0.4540
1620774719.616649 5.2247 0.0250 2.3287 -0.0000 0.8969 -0.0000 0.4423
1620774719.649982 5.2258 0.0250 2.3279 -0.0000 0.9026 -0.0000 0.4305
1620774719.683316 5.2268 0.0250 2.3270 -0.0000 0.9081 -0.0000 0.4187
1620774719.716649 5.2277 0.0250 2.3262 -0.0000 0.9135 -0.0000 0.4067
1620774719.749982 5.2287 0.0250 2.3253 -0.0000 0.9188 -0.0000 0.3947
1620774719.783315 5.2296 0.0250 2.3244 -0.0000 0.9239 -0.0000 0.3827
1620774719.816649 5.2306 0.0250 2.3234 -0.0000 0.9288 -0.0000 0.3706
1620774719.849982 5.2314 0.0250 2.3225 -0.0000 0.9336 -0.0000 0.3584
1620774719.883315 5.2323 0.0250 2.3215 -0.0000 0.9382 -0.0000 0.3461
1620774719.916649 5.2648 0.0250 2.2835 -0.0000 0.9382 -0.0000 0.3461
1620774719.949982 5.2973 0.0250 2.2454 -0.0000 0.9382 -0.0000 0.3461
1620774719.983315 5.3297 0.0250 2.2074 -0.0000 0.9382 -0.0000 0.3461
1620774720.016649 5.3622 0.0250 2.1694 -0.0000 0.9382 -0.0000 0.3461
1620774720.049982 5.3947 0.0250 2.1314 -0.0000 0.9382 -0.0000 0.3461
1620774720.083315 5.3955 0.0250 2.1304 -0.0000 0.9426 -0.0000 0.3338
1620774720.116648 5.3963 0.0250 2.1293 -0.0000 0.9469 -0.0000 0.3214
1620774720.149982 5.3971 0.0250 2.1283 -0.0000 0.9511 -0.0000 0.3090
1620774720.183315 5.3979 0.0250 2.1272 -0.0000 0.9550 -0.0000 0.2965
1620774720.216648 5.3986 0.0250 2.1261 -0.0000 0.9588 -0.0000 0.2840
1620774720.249982 5.3993 0.0250 2.1250 -0.0000 0.9625 -0.0000 0.2714
1620774720.283315 5.4000 0.0250 2.1239 -0.0000 0.9659 -0.0000 0.2588
1620774720.316648 5.4006 0.0250 2.1228 -0.0000 0.9692 -0.0000 0.2462
1620774720.349982 5.4245 0.0250 2.0788 -0.0000 0.9692 -0.0000 0.2462
1620774720.383315 5.4483 0.0250 2.0349 -0.0000 0.9692 -0.0000 0.2462
1620774720.416648 5.4722 0.0250 1.9909 -0.0000 0.9692 -0.0000 0.2462
1620774720.449981 5.4960 0.0250 1.9470 -0.0000 0.9692 -0.0000 0.2462
1620774720.483315 5.5199 0.0250 1.9031 -0.0000 0.9692 -0.0000 0.2462
1620774720.516648 5.5437 0.0250 1.8591 -0.0000 0.9692 -0.0000 0.2462
1620774720.549981 5.5676 0.0250 1.8152 -0.0000 0.9692 -0.0000 0.2462
1620774720.583315 5.5915 0.0250 1.7712 -0.0000 0.9692 -0.0000 0.2462
1620774720.616648 5.6153 0.0250 1.7273 -0.0000 0.9692 -0.0000 0.2462
1620774720.649981 5.6159 0.0250 1.7261 -0.0000 0.9724 -0.0000 0.2334
1620774720.683315 5.6165 0.0250 1.7250 -0.0000 0.9753 -0.0000 0.2207
1620774720.716648 5.6171 0.0250 1.7238 -0.0000 0.9781 -0.0000 0.2079
1620774720.749981 5.6176 0.0250 1.7226 -0.0000 0.9808 -0.0000 0.1951
1620774720.783314 5.6181 0.0250 1.7214 -0.0000 0.9833 -0.0000 0.1822
1620774720.816648 5.6185 0.0250 1.7201 -0.0000 0.9856 -0.0000 0.1693
1620774720.849981 5.6189 0.0250 1.7189 -0.0000 0.9877 -0.0000 0.1564
1620774720.883314 5.6193 0.0250 1.7176 -0.0000 0.9897 -0.0000 0.1435
1620774720.916648 5.6197 0.0250 1.7164 -0.0000 0.9914 -0.0000 0.1305
1620774720.949981 5.6326 0.0250 1.6681 -0.0000 0.9914 -0.0000 0.1305
1620774720.983314 5.6456 0.0250 1.6198 -0.0000 0.9914 -0.0000 0.1305
1620774721.016648 5.6585 0.0250 1.5715 -0.0000 0.9914 -0.0000 0.1305
1620774721.049981 5.6714 0.0250 1.5232 -0.0000 0.9914 -0.0000 0.1305
1620774721.083314 5.6718 0.0250 1.5219 -0.0000 0.9931 -0.0000 0.1175
1620774721.116647 5.6720 0.0250 1.5207 -0.0000 0.9945 -0.0000 0.1045
1620774721.149981 5.6723 0.0250 1.5194 -0.0000 0.9958 -0.0000 0.0915
1620774721.183314 5.6725 0.0250 1.5181 -0.0000 0.9969 -0.0000 0.0785
1620774721.216647 5.6727 0.0250 1.5168 -0.0000 0.9979 -0.0000 0.0654
1620774721.249981 5.6729 0.0250 1.5155 -0.0000 0.9986 -0.0000 0.0523
1620774721.283314 5.6781 0.0250 1.4658 -0.0000 0.9986 -0.0000 0.0523
1620774721.316647 5.6833 0.0250 1.4160 -0.0000 0.9986 -0.0000 0.0523
1620774721.349981 5.6885 0.0250 1.3663 -0.0000 0.9986 -0.0000 0.0523
1620774721.383314 5.6938 0.0250 1.3166 -0.0000 0.9986 -0.0000 0.0523
1620774721.416647 5.6990 0.0250 1.2669 -0.0000 0.9986 -0.0000 0.0523
1620774721.449980 5.7042 0.0250 1.2171 -0.0000 0.9986 -0.0000 0.0523
1620774721.483314 5.7095 0.0250 1.1674 -0.0000 0.9986 -0.0000 0.0523
1620774721.516647 5.7147 0.0250 1.1177 -0.0000 0.9986 -0.0000 0.0523
1620774721.549980 5.7199 0.0250 1.0679 -0.0000 0.9986 -0.0000 0.0523
1620774721.583314 5.7251 0.0250 1.0182 -0.0000 0.9986 -0.0000 0.0523
1620774721.616647 5.7304 0.0250 0.9685 -0.0000 0.9986 -0.0000 0.0523
1620774721.649980 5.7356 0.0250 0.9188 -0.0000 0.9986 -0.0000 0.0523
1620774721.683314 5.7408 0.0250 0.8690 -0.0000 0.9986 -0.0000 0.0523
1620774721.716647 5.7460 0.0250 0.8193 -0.0000 0.9986 -0.0000 0.0523
1620774721.749980 5.7513 0.0250 0.7696 -0.0000 0.9986 -0.0000 0.0523
1620774721.783314 5.7565 0.0250 0.7199 -0.0000 0.9986 -0.0000 0.0523
1620774721.816647 5.7617 0.0250 0.6701 -0.0000 0.9986 -0.0000 0.0523
1620774721.849980 5.7669 0.0250 0.6204 -0.0000 0.9986 -0.0000 0.0523
1620774721.883313 5.7722 0.0250 0.5707 -0.0000 0.9986 -0.0000 0.0523
1620774721.916647 5.7774 0.0250 0.5210 -0.0000 0.9986 -0.0000 0.0523
1620774721.949980 5.7826 0.0250 0.4712 -0.0000 0.9986 -0.0000 0.0523
1620774721.983313 5.7878 0.0250 0.4215 -0.0000 0.9986 -0.0000 0.0523
1620774722.016647 5.7931 0.0250 0.3718 -0.0000 0.9986 -0.0000 0.0523
1620774722.049980 5.7983 0.0250 0.3221 -0.0000 0.9986 -0.0000 0.0523
1620774722.083313 5.8035 0.0250 0.2723 -0.0000 0.9986 -0.0000 0.0523
1620774722.116647 5.8088 0.0250 0.2226 -0.0000 0.9986 -0.0000 0.0523
1620774722.149980 5.8140 0.0250 0.1729 -0.0000 0.9986 -0.0000 0.0523
1620774722.183313 5.8192 0.0250 0.1232 -0.0000 0.9986 -0.0000 0.0523
1620774722.216646 5.8244 0.0250 0.0734 -0.0000 0.9986 -0.0000 0.0523
1620774722.249980 5.8297 0.0250 0.0237 -0.0000 0.9986 -0.0000 0.0523
1620774722.283313 5.8349 0.0250 -0.0260 -0.0000 0.9986 -0.0000 0.0523
1620774722.316646 5.8401 0.0250 -0.0758 -0.0000 0.9986 -0.0000 0.0523
1620774722.349980 5.8453 0.0250 -0.1255 -0.0000 0.9986 -0.0000 0.0523
1620774722.383313 5.8455 0.0250 -0.1268 -0.0000 0.9992 -0.0000 0.0393
1620774722.416646 5.8455 0.0250 -0.1281 -0.0000 0.9997 -0.0000 0.0262
1620774722.449980 5.8456 0.0250 -0.1294 -0.0000 0.9999 -0.0000 0.0131
1620774722.483313 5.8456 0.0250 -0.1307 -0.0000 1.0000 -0.0000 -0.0000
1620774722.516646 5.8456 0.0250 -0.1320 -0.0000 0.9999 -0.0000 -0.0131
1620774722.549979 5.8455 0.0250 -0.1333 -0.0000 0.9997 -0.0000 -0.0262
1620774722.583313 5.8455 0.0250 -0.1346 -0.0000 0.9992 -0.0000 -0.0393
1620774722.616646 5.8453 0.0250 -0.1359 -0.0000 0.9986 -0.0000 -0.0523
1620774722.649979 5.8452 0.0250 -0.1372 -0.0000 0.9979 -0.0000 -0.0654
1620774722.683313 5.8450 0.0250 -0.1385 -0.0000 0.9969 -0.0000 -0.0785
1620774722.716646 5.8448 0.0250 -0.1398 -0.0000 0.9958 -0.0000 -0.0915
1620774722.749979 5.8445 0.0250 -0.1411 -0.0000 0.9945 -0.0000 -0.1045
1620774722.783313 5.8442 0.0250 -0.1424 -0.0000 0.9931 -0.0000 -0.1175
1620774722.816646 5.8439 0.0250 -0.1436 -0.0000 0.9914 -0.0000 -0.1305
1620774722.849979 5.8436 0.0250 -0.1449 -0.0000 0.9897 -0.0000 -0.1435
1620774722.883312 5.8432 0.0250 -0.1462 -0.0000 0.9877 -0.0000 -0.1564
1620774722.916646 5.8427 0.0250 -0.1474 -0.0000 0.9856 -0.0000 -0.1693
1620774722.949979 5.8423 0.0250 -0.1486 -0.0000 0.9833 -0.0000 -0.1822
1620774722.983312 5.8418 0.0250 -0.1498 -0.0000 0.9808 -0.0000 -0.1951
1620774723.016646 5.8413 0.0250 -0.1510 -0.0000 0.9781 -0.0000 -0.2079
1620774723.049979 5.8407 0.0250 -0.1522 -0.0000 0.9753 -0.0000 -0.2207
1620774723.083312 5.8402 0.0250 -0.1534 -0.0000 0.9724 -0.0000 -0.2334
1620774723.116646 5.8396 0.0250 -0.1546 -0.0000 0.9692 -0.0000 -0.2462
1620774723.149979 5.8389 0.0250 -0.1557 -0.0000 0.9659 -0.0000 -0.2588
1620774723.183312 5.8382 0.0250 -0.1568 -0.0000 0.9625 -0.0000 -0.2714
1620774723.216645 5.8121 0.0250 -0.1995 -0.0000 0.9625 -0.0000 -0.2714
1620774723.249979 5.7860 0.0250 -0.2421 -0.0000 0.9625 -0.0000 -0.2714
1620774723.283312 5.7599 0.0250 -0.2847 -0.0000 0.9625 -0.0000 -0.2714
1620774723.316645 5.7337 0.0250 -0.3274 -0.0000 0.9625 -0.0000 -0.2714
1620774723.349979 5.7076 0.0250 -0.3700 -0.0000 0.9625 -0.0000 -0.2714
1620774723.383312 5.6815 0.0250 -0.4126 -0.0000 0.9625 -0.0000 -0.2714
1620774723.416645 5.6554 0.0250 -0.4553 -0.0000 0.9625 -0.0000 -0.2714
1620774723.449979 5.6292 0.0250 -0.4979 -0.0000 0.9625 -0.0000 -0.2714
1620774723.483312 5.6286 0.0250 -0.4990 -0.0000 0.9588 -0.0000 -0.2840
1620774723.516645 5.6278 0.0250 -0.5001 -0.0000 0.9550 -0.0000 -0.2965
1620774723.549978 5.6271 0.0250 -0.5011 -0.0000 0.9511 -0.0000 -0.3090
1620774723.583312 5.6263 0.0250 -0.5022 -0.0000 0.9469 -0.0000 -0.3214
1620774723.616645 5.6255 0.0250 -0.5032 -0.0000 0.9426 -0.0000 -0.3338
1620774723.649978 5.6246 0.0250 -0.5042 -0.0000 0.9382 -0.0000 -0.3461
1620774723.683312 5.6238 0.0250 -0.5052 -0.0000 0.9336 -0.0000 -0.3584
1620774723.716645 5.6229 0.0250 -0.5062 -0.0000 0.9288 -0.0000 -0.3706
1620774723.749978 5.6220 0.0250 -0.5071 -0.0000 0.9239 -0.0000 -0.3827
1620774723.783312 5.5866 0.0250 -0.5425 -0.0000 0.9239 -0.0000 -0.3827
1620774723.816645 5.5513 0.0250 -0.5778 -0.0000 0.9239 -0.0000 -0.3827
1620774723.849978 5.5159 0.0250 -0.6132 -0.0000 0.9239 -0.0000 -0.3827
1620774723.883312 5.4805 0.0250 -0.6485 -0.0000 0.9239 -0.0000 -0.3827
1620774723.916645 5.4452 0.0250 -0.6839 -0.0000 0.9239 -0.0000 -0.3827
1620774723.949978 5.4098 0.0250 -0.7192 -0.0000 0.9239 -0.0000 -0.3827
1620774723.983311 5.3745 0.0250 -0.7546 -0.0000 0.9239 -0.0000 -0.3827
1620774724.016645 5.3391 0.0250 -0.7900 -0.0000 0.9239 -0.0000 -0.3827
1620774724.049978 5.3038 0.0250 -0.8253 -0.0000 0.9239 -0.0000 -0.3827
1620774724.083311 5.3028 0.0250 -0.8262 -0.0000 0.9188 -0.0000 -0.3947
1620774724.116645 5.3019 0.0250 -0.8271 -0.0000 0.9135 -0.0000 -0.4067
1620774724.149978 5.3009 0.0250 -0.8280 -0.0000 0.9081 -0.0000 -0.4187
1620774724.183311 5.2999 0.0250 -0.8288 -0.0000 0.9026 -0.0000 -0.4305
1620774724.216645 5.2989 0.0250 -0.8296 -0.0000 0.8969 -0.0000 -0.4423
1620774724.249978 5.2978 0.0250 -0.8304 -0.0000 0.8910 -0.0000 -0.4540
1620774724.283311 5.2967 0.0250 -0.8312 -0.0000 0.8850 -0.0000 -0.4656
1620774724.316644 5.2824 0.0250 -0.8625 -0.0000 0.8850 -0.0000 -0.4656
1620774724.349978 5.2788 0.0250 -0.8950 -0.0000 0.8850 -0.0000 -0.4656
1620774724.383311 5.2752 0.0250 -0.9275 -0.0000 0.8850 -0.0000 -0.4656
1620774724.416644 5.2715 0.0250 -0.9600 -0.0000 0.8850 -0.0000 -0.4656
1620774724.449978 5.2705 0.0250 -0.9607 -0.0000 0.8788 -0.0000 -0.4772
1620774724.483311 5.2693 0.0250 -0.9614 -0.0000 0.8725 -0.0000 -0.4886
1620774724.516644 5.2682 0.0250 -0.9621 -0.0000 0.8660 -0.0000 -0.5000
1620774724.549978 5.2671 0.0250 -0.9627 -0.0000 0.8594 -0.0000 -0.5113
1620774724.583311 5.2659 0.0250 -0.9633 -0.0000 0.8526 -0.0000 -0.5225
1620774724.616644 5.2648 0.0250 -0.9639 -0.0000 0.8457 -0.0000 -0.5336
1620774724.649977 5.2636 0.0250 -0.9644 -0.0000 0.8387 -0.0000 -0.5446
1620774724.683311 5.2624 0.0250 -0.9649 -0.0000 0.8315 -0.0000 -0.5556
1620774724.716644 5.2611 0.0250 -0.9654 -0.0000 0.8241 -0.0000 -0.5664
1620774724.749977 5.2599 0.0250 -0.9659 -0.0000 0.8166 -0.0000 -0.5771
1620774724.783311 5.2587 0.0250 -0.9663 -0.0000 0.8090 -0.0000 -0.5878
1620774724.816644 5.2564 0.0250 -0.9868 -0.0000 0.8090 -0.0000 -0.5878
1620774724.849977 5.2088 0.0250 -1.0022 -0.0000 0.8090 -0.0000 -0.5878
1620774724.883311 5.1613 0.0250 -1.0177 -0.0000 0.8090 -0.0000 -0.5878
1620774724.916644 5.1137 0.0250 -1.0331 -0.0000 0.8090 -0.0000 -0.5878
1620774724.949977 5.0662 0.0250 -1.0486 -0.0000 0.8090 -0.0000 -0.5878
1620774724.983310 5.0186 0.0250 -1.0640 -0.0000 0.8090 -0.0000 -0.5878
1620774725.016644 5.0174 0.0250 -1.0644 -0.0000 0.8013 -0.0000 -0.5983
1620774725.049977 5.0161 0.0250 -1.0648 -0.0000 0.7934 -0.0000 -0.6088
1620774725.083310 5.0149 0.0250 -1.0651 -0.0000 0.7853 -0.0000 -0.6191
1620774725.116644 5.0136 0.0250 -1.0654 -0.0000 0.7771 -0.0000 -0.6293
1620774725.149977 5.0123 0.0250 -1.0657 -0.0000 0.7688 -0.0000 -0.6394
1620774725.183310 5.0110 0.0250 -1.0659 -0.0000 0.7604 -0.0000 -0.6494
1620774725.216644 5.0097 0.0250 -1.0661 -0.0000 0.7518 -0.0000 -0.6593
1620774725.249977 4.9601 0.0250 -1.0726 -0.0000 0.7518 -0.0000 -0.6593
1620774725.283310 4.9106 0.0250 -1.0791 -0.0000 0.7518 -0.0000 -0.6593
1620774725.316643 4.8610 0.0250 -1.0856 -0.0000 0.7518 -0.0000 -0.6593
1620774725.349977 4.8114 0.0250 -1.0922 -0.0000 0.7518 -0.0000 -0.6593
1620774725.383310 4.7618 0.0250 -1.0987 -0.0000 0.7518 -0.0000 -0.6593
1620774725.416643 4.7123 0.0250 -1.1052 -0.0000 0.7518 -0.0000 -0.6593
1620774725.449977 4.6627 0.0250 -1.1117 -0.0000 0.7518 -0.0000 -0.6593
1620774725.483310 4.6131 0.0250 -1.1183 -0.0000 0.7518 -0.0000 -0.6593
1620774725.516643 4.5636 0.0250 -1.1248 -0.0000 0.7518 -0.0000 -0.6593
1620774725.549977 4.5140 0.0250 -1.1313 -0.0000 0.7518 -0.0000 -0.6593
1620774725.583310 4.4644 0.0250 -1.1379 -0.0000 0.7518 -0.0000 -0.6593
1620774725.616643 4.4148 0.0250 -1.1444 -0.0000 0.7518 -0.0000 -0.6593
1620774725.649976 4.3653 0.0250 -1.1509 -0.0000 0.7518 -0.0000 -0.6593
1620774725.683310 4.3157 0.0250 -1.1574 -0.0000 0.7518 -0.0000 -0.6593
1620774725.716643 4.2661 0.0250 -1.1640 -0.0000 0.7518 -0.0000 -0.6593
1620774725.749976 4.2166 0.0250 -1.1705 -0.0000 0.7518 -0.0000 -0.6593
1620774725.783310 4.1670 0.0250 -1.1770 -0.0000 0.7518 -0.0000 -0.6593
1620774725.816643 4.1174 0.0250 -1.1835 -0.0000 0.7518 -0.0000 -0.6593
1620774725.849976 4.0678 0.0250 -1.1901 -0.0000 0.7518 -0.0000 -0.6593
1620774725.883310 4.0183 0.0250 -1.1966 -0.0000 0.7518 -0.0000 -0.6593
1620774725.916643 3.9687 0.0250 -1.2031 -0.0000 0.7518 -0.0000 -0.6593
1620774725.949976 3.9191 0.0250 -1.2096 -0.0000 0.7518 -0.0000 -0.6593
1620774725.983310 3.8695 0.0250 -1.2162 -0.0000 0.7518 -0.0000 -0.6593
1620774726.016643 3.8200 0.0250 -1.2227 -0.0000 0.7518 -0.0000 -0.6593
1620774726.049976 3.7704 0.0250 -1.2292 -0.0000 0.7518 -0.0000 -0.6593
1620774726.083309 3.7208 0.0250 -1.2357 -0.0000 0.7518 -0.0000 -0.6593
1620774726.116643 3.6713 0.0250 -1.2423 -0.0000 0.7518 -0.0000 -0.6593
1620774726.149976 3.6217 0.0250 -1.2488 -0.0000 0.7518 -0.0000 -0.6593
1620774726.183309 3.5721 0.0250 -1.2553 -0.0000 0.7518 -0.0000 -0.6593
1620774726.216643 3.5225 0.0250 -1.2618 -0.0000 0.7518 -0.0000 -0.6593
1620774726.249976 3.4730 0.0250 -1.2684 -0.0000 0.7518 -0.0000 -0.6593
1620774726.283309 3.4234 0.0250 -1.2749 -0.0000 0.7518 -0.0000 -0.6593
1620774726.316643 3.3738 0.0250 -1.2814 -0.0000 0.7518 -0.0000 -0.6593
1620774726.349976 3.3242 0.0250 -1.2880 -0.0000 0.7518 -0.0000 -0.6593
1620774726.383309 3.2747 0.0250 -1.2945 -0.0000 0.7518 -0.0000 -0.6593
1620774726.416642 3.2251 0.0250 -1.3010 -0.0000 0.7518 -0.0000 -0.6593
1620774726.449976 3.1755 0.0250 -1.3075 -0.0000 0.7518 -0.0000 -0.6593
1620774726.483309 3.1260 0.0250 -1.3141 -0.0000 0.7518 -0.0000 -0.6593
1620774726.516642 3.0764 0.0250 -1.3206 -0.0000 0.7518 -0.0000 -0.6593
1620774726.549976 3.0268 0.0250 -1.3271 -0.0000 0.7518 -0.0000 -0.6593
1620774726.583309 2.9772 0.0250 -1.3336 -0.0000 0.7518 -0.0000 -0.6593
1620774726.616642 2.9277 0.0250 -1.3402 -0.0000 0.7518 -0.0000 -0.6593
1620774726.649976 2.8781 0.0250 -1.3467 -0.0000 0.7518 -0.0000 -0.6593
1620774726.683309 2.8285 0.0250 -1.3532 -0.0000 0.7518 -0.0000 -0.6593
1620774726.716642 2.7790 0.0250 -1.3597 -0.0000 0.7518 -0.0000 -0.6593
1620774726.749975 2.7294 0.0250 -1.3663 -0.0000 0.7518 -0.0000 -0.6593
1620774726.783309 2.6798 0.0250 -1.3728 -0.0000 0.7518 -0.0000 -0.6593
1620774726.816642 2.6302 0.0250 -1.3793 -0.0000 0.7518 -0.0000 -0.6593
1620774726.849975 2.5807 0.0250 -1.3858 -0.0000 0.7518 -0.0000 -0.6593
1620774726.883309 2.5311 0.0250 -1.3924 -0.0000 0.7518 -0.0000 -0.6593
1620774726.916642 2.4815 0.0250 -1.3989 -0.0000 0.7518 -0.0000 -0.6593
1620774726.949975 2.4319 0.0250 -1.4054 -0.0000 0.7518 -0.0000 -0.6593
1620774726.983309 2.3824 0.0250 -1.4120 -0.0000 0.7518 -0.0000 -0.6593
1620774727.016642 2.3328 0.0250 -1.4185 -0.0000 0.7518 -0.0000 -0.6593
1620774727.049975 2.2832 0.0250 -1.4250 -0.0000 0.7518 -0.0000 -0.6593
1620774727.083308 2.2337 0.0250 -1.4315 -0.0000 0.7518 -0.0000 -0.6593
1620774727.116642 2.1841 0.0250 -1.4381 -0.0000 0.7518 -0.0000 -0.6593
1620774727.149975 2.1345 0.0250 -1.4446 -0.0000 0.7518 -0.0000 -0.6593
1620774727.183308 2.0849 0.0250 -1.4511 -0.0000 0.7518 -0.0000 -0.6593
1620774727.216642 2.0354 0.0250 -1.4576 -0.0000 0.7518 -0.0000 -0.6593
1620774727.249975 1.9858 0.0250 -1.4642 -0.0000 0.7518 -0.0000 -0.6593
1620774727.283308 1.9362 0.0250 -1.4707 -0.0000 0.7518 -0.0000 -0.6593
1620774727.316642 1.8867 0.0250 -1.4772 -0.0000 0.7518 -0.0000 -0.6593
1620774727.349975 1.8371 0.0250 -1.4837 -0.0000 0.7518 -0.0000 -0.6593
1620774727.383308 1.7875 0.0250 -1.4903 -0.0000 0.7518 -0.0000 -0.6593
1620774727.416641 1.7379 0.0250 -1.4968 -0.0000 0.7518 -0.0000 -0.6593
1620774727.449975 1.6884 0.0250 -1.5033 -0.0000 0.7518 -0.0000 -0.6593
1620774727.483308 1.6388 0.0250 -1.5098 -0.0000 0.7518 -0.0000 -0.6593
1620774727.516641 1.5892 0.0250 -1.5164 -0.0000 0.7518 -0.0000 -0.6593
1620774727.549975 1.5396 0.0250 -1.5229 -0.0000 0.7518 -0.0000 -0.6593
1620774727.583308 1.4901 0.0250 -1.5294 -0.0000 0.7518 -0.0000 -0.6593
1620774727.616641 1.4405 0.0250 -1.5360 -0.0000 0.7518 -0.0000 -0.6593
1620774727.649975 1.3909 0.0250 -1.5425 -0.0000 0.7518 -0.0000 -0.6593
1620774727.683308 1.3414 0.0250 -1.5490 -0.0000 0.7518 -0.0000 -0.6593
1620774727.716641 1.2918 0.0250 -1.5555 -0.0000 0.7518 -0.0000 -0.6593
1620774727.749974 1.2422 0.0250 -1.5621 -0.0000 0.7518 -0.0000 -0.6593
1620774727.783308 1.1926 0.0250 -1.5686 -0.0000 0.7518 -0.0000 -0.6593
1620774727.816641 1.1431 0.0250 -1.5751 -0.0000 0.7518 -0.0000 -0.6593
1620774727.849974 1.0935 0.0250 -1.5816 -0.0000 0.7518 -0.0000 -0.6593
1620774727.883308 1.0439 0.0250 -1.5882 -0.0000 0.7518 -0.0000 -0.6593
1620774727.916641 0.9944 0.0250 -1.5947 -0.0000 0.7518 -0.0000 -0.6593
1620774727.949974 0.9448 0.0250 -1.6012 -0.0000 0.7518 -0.0000 -0.6593
1620774727.983308 0.8952 0.0250 -1.6077 -0.0000 0.7518 -0.0000 -0.6593
1620774728.016641 0.8456 0.0250 -1.6143 -0.0000 0.7518 -0.0000 -0.6593
1620774728.049974 0.7961 0.0250 -1.6208 -0.0000 0.7518 -0.0000 -0.6593
1620774728.083308 0.7465 0.0250 -1.6273 -0.0000 0.7518 -0.0000 -0.6593
1620774728.116641 0.6969 0.0250 -1.6338 -0.0000 0.7518 -0.0000 -0.6593
1620774728.149974 0.6473 0.0250 -1.6404 -0.0000 0.7518 -0.0000 -0.6593
1620774728.183307 0.5978 0.0250 -1.6469 -0.0000 0.7518 -0.0000 -0.6593
1620774728.216641 0.5482 0.0250 -1.6534 -0.0000 0.7518 -0.0000 -0.6593
1620774728.249974 0.4986 0.0250 -1.6599 -0.0000 0.7518 -0.0000 -0.6593
1620774728.283307 0.4491 0.0250 -1.6665 -0.0000 0.7518 -0.0000 -0.6593
1620774728.316641 0.4504 0.0250 -1.6663 -0.0000 0.7604 -0.0000 -0.6494
1620774728.349974 0.4516 0.0250 -1.6661 -0.0000 0.7688 -0.0000 -0.6394
1620774728.383307 0.4529 0.0250 -1.6658 -0.0000 0.7771 -0.0000 -0.6293
1620774728.416641 0.4542 0.0250 -1.6655 -0.0000 0.7853 -0.0000 -0.6191
1620774728.449974 0.4555 0.0250 -1.6652 -0.0000 0.7934 -0.0000 -0.6088
1620774728.483307 0.4567 0.0250 -1.6648 -0.0000 0.8013 -0.0000 -0.5983
1620774728.516640 0.4580 0.0250 -1.6645 -0.0000 0.8090 -0.0000 -0.5878
1620774728.549974 0.4592 0.0250 -1.6640 -0.0000 0.8166 -0.0000 -0.5771
1620774728.583307 0.4605 0.0250 -1.6636 -0.0000 0.8241 -0.0000 -0.5664
1620774728.616640 0.4617 0.0250 -1.6631 -0.0000 0.8315 -0.0000 -0.5556
1620774728.649974 0.4629 0.0250 -1.6626 -0.0000 0.8387 -0.0000 -0.5446
1620774728.683307 0.4641 0.0250 -1.6620 -0.0000 0.8457 -0.0000 -0.5336
1620774728.716640 0.4652 0.0250 -1.6615 -0.0000 0.8526 -0.0000 -0.5225
1620774728.749974 0.4664 0.0250 -1.6608 -0.0000 0.8594 -0.0000 -0.5113
1620774728.783307 0.4675 0.0250 -1.6602 -0.0000 0.8660 -0.0000 -0.5000
1620774728.816640 0.4687 0.0250 -1.6595 -0.0000 0.8725 -0.0000 -0.4886
1620774728.849973 0.4698 0.0250 -1.6588 -0.0000 0.8788 -0.0000 -0.4772
1620774728.883307 0.4709 0.0250 -1.6581 -0.0000 0.8850 -0.0000 -0.4656
1620774728.916640 0.4719 0.0250 -1.6574 -0.0000 0.8910 -0.0000 -0.4540
1620774728.949973 0.4730 0.0250 -1.6566 -0.0000 0.8969 -0.0000 -0.4423
1620774728.983307 0.4740 0.0250 -1.6558 -0.0000 0.9026 -0.0000 -0.4305
1620774729.016640 0.4750 0.0250 -1.6549 -0.0000 0.9081 -0.0000 -0.4187
1620774729.049973 0.4760 0.0250 -1.6541 -0.0000 0.9135 -0.0000 -0.4067
1620774729.083307 0.4770 0.0250 -1.6532 -0.0000 0.9188 -0.0000 -0.3947
1620774729.116640 0.4779 0.0250 -1.6523 -0.0000 0.9239 -0.0000 -0.3827
1620774729.149973 0.4788 0.0250 -1.6513 -0.0000 0.9288 -0.0000 -0.3706
1620774729.183306 0.4797 0.0250 -1.6504 -0.0000 0.9336 -0.0000 -0.3584
1620774729.216640 0.4806 0.0250 -1.6494 -0.0000 0.9382 -0.0000 -0.3461
1620774729.249973 0.4481 0.0250 -1.6874 -0.0000 0.9382 -0.0000 -0.3461
1620774729.283306 0.4156 0.0250 -1.7254 -0.0000 0.9382 -0.0000 -0.3461
1620774729.316640 0.3831 0.0250 -1.7634 -0.0000 0.9382 -0.0000 -0.3461
1620774729.349973 0.3507 0.0250 -1.8015 -0.0000 0.9382 -0.0000 -0.3461
1620774729.383306 0.3182 0.0250 -1.8395 -0.0000 0.9382 -0.0000 -0.3461
1620774729.416640 0.2857 0.0250 -1.8775 -0.0000 0.9382 -0.0000 -0.3461
1620774729.449973 0.2532 0.0250 -1.9155 -0.0000 0.9382 -0.0000 -0.3461
1620774729.483306 0.2541 0.0250 -1.9145 -0.0000 0.9426 -0.0000 -0.3338
1620774729.516639 0.2549 0.0250 -1.9135 -0.0000 0.9469 -0.0000 -0.3214
1620774729.549973 0.2245 0.0250 -1.9532 -0.0000 0.9469 -0.0000 -0.3214
1620774729.583306 0.1940 0.0250 -1.9928 -0.0000 0.9469 -0.0000 -0.3214
1620774729.616639 0.1636 0.0250 -2.0325 -0.0000 0.9469 -0.0000 -0.3214
1620774729.649973 0.1331 0.0250 -2.0722 -0.0000 0.9469 -0.0000 -0.3214
1620774729.683306 0.1339 0.0250 -2.0711 -0.0000 0.9511 -0.0000 -0.3090
1620774729.716639 0.1347 0.0250 -2.0700 -0.0000 0.9550 -0.0000 -0.2965
1620774729.749973 0.1354 0.0250 -2.0689 -0.0000 0.9588 -0.0000 -0.2840
1620774729.783306 0.1361 0.0250 -2.0678 -0.0000 0.9625 -0.0000 -0.2714
1620774729.816639 0.1368 0.0250 -2.0667 -0.0000 0.9659 -0.0000 -0.2588
1620774729.849972 0.1374 0.0250 -2.0656 -0.0000 0.9692 -0.0000 -0.2462
1620774729.883306 0.1380 0.0250 -2.0644 -0.0000 0.9724 -0.0000 -0.2334
1620774729.916639 0.1386 0.0250 -2.0632 -0.0000 0.9753 -0.0000 -0.2207
1620774729.949972 0.1392 0.0250 -2.0621 -0.0000 0.9781 -0.0000 -0.2079
1620774729.983306 0.1397 0.0250 -2.0608 -0.0000 0.9808 -0.0000 -0.1951
1620774730.016639 0.1402 0.0250 -2.0596 -0.0000 0.9833 -0.0000 -0.1822
1620774730.049972 0.1406 0.0250 -2.0584 -0.0000 0.9856 -0.0000 -0.1694
1620774730.083306 0.1410 0.0250 -2.0572 -0.0000 0.9877 -0.0000 -0.1564
1620774730.116639 0.1414 0.0250 -2.0559 -0.0000 0.9897 -0.0000 -0.1435
1620774730.149972 0.1418 0.0250 -2.0547 -0.0000 0.9914 -0.0000 -0.1305
1620774730.183306 0.1421 0.0250 -2.0534 -0.0000 0.9931 -0.0000 -0.1175
1620774730.216639 0.1424 0.0250 -2.0521 -0.0000 0.9945 -0.0000 -0.1045
1620774730.249972 0.1426 0.0250 -2.0508 -0.0000 0.9958 -0.0000 -0.0915
1620774730.283305 0.1429 0.0250 -2.0495 -0.0000 0.9969 -0.0000 -0.0785
1620774730.316639 0.1430 0.0250 -2.0482 -0.0000 0.9979 -0.0000 -0.0654
1620774730.349972 0.1432 0.0250 -2.0469 -0.0000 0.9986 -0.0000 -0.0523
1620774730.383305 0.1433 0.0250 -2.0456 -0.0000 0.9992 -0.0000 -0.0393
1620774730.416639 0.1434 0.0250 -2.0443 -0.0000 0.9997 -0.0000 -0.0262
1620774730.449972 0.1435 0.0250 -2.0430 -0.0000 0.9999 -0.0000 -0.0131
1620774730.483305 0.1435 0.0250 -2.0417 -0.0000 1.0000 -0.0000 -0.0000
1620774730.516639 0.1435 0.0250 -2.0404 -0.0000 0.9999 -0.0000 0.0131
1620774730.549972 0.1434 0.0250 -2.0391 -0.0000 0.9997 -0.0000 0.0262
1620774730.583305 0.1433 0.0250 -2.0378 -0.0000 0.9992 -0.0000 0.0393
1620774730.616638 0.1472 0.0250 -2.0876 -0.0000 0.9992 -0.0000 0.0393
1620774730.649972 0.1512 0.0250 -2.1375 -0.0000 0.9992 -0.0000 0.0393
1620774730.683305 0.1551 0.0250 -2.1873 -0.0000 0.9992 -0.0000 0.0393
1620774730.716638 0.1590 0.0250 -2.2372 -0.0000 0.9992 -0.0000 0.0393
1620774730.749972 0.1629 0.0250 -2.2870 -0.0000 0.9992 -0.0000 0.0393
1620774730.783305 0.1669 0.0250 -2.3369 -0.0000 0.9992 -0.0000 0.0393
1620774730.816638 0.1708 0.0250 -2.3867 -0.0000 0.9992 -0.0000 0.0393
1620774730.849972 0.1747 0.0250 -2.4366 -0.0000 0.9992 -0.0000 0.0393
1620774730.883305 0.1746 0.0250 -2.4353 -0.0000 0.9986 -0.0000 0.0523
1620774730.916638 0.1744 0.0250 -2.4340 -0.0000 0.9979 -0.0000 0.0654
1620774730.949971 0.1742 0.0250 -2.4327 -0.0000 0.9969 -0.0000 0.0785
1620774730.983305 0.1740 0.0250 -2.4314 -0.0000 0.9958 -0.0000 0.0915
1620774731.016638 0.1738 0.0250 -2.4301 -0.0000 0.9945 -0.0000 0.1045
1620774731.049971 0.1735 0.0250 -2.4288 -0.0000 0.9931 -0.0000 0.1175
1620774731.083305 0.1732 0.0250 -2.4275 -0.0000 0.9914 -0.0000 0.1305
1620774731.116638 0.1728 0.0250 -2.4263 -0.0000 0.9897 -0.0000 0.1435
1620774731.149971 0.1724 0.0250 -2.4250 -0.0000 0.9877 -0.0000 0.1564
1620774731.183305 0.1720 0.0250 -2.4238 -0.0000 0.9856 -0.0000 0.1693
1620774731.216638 0.1715 0.0250 -2.4226 -0.0000 0.9833 -0.0000 0.1822
1620774731.249971 0.1711 0.0250 -2.4213 -0.0000 0.9808 -0.0000 0.1951
1620774731.283304 0.1705 0.0250 -2.4201 -0.0000 0.9781 -0.0000 0.2079
1620774731.316638 0.1700 0.0250 -2.4190 -0.0000 0.9753 -0.0000 0.2207
1620774731.349971 0.1694 0.0250 -2.4178 -0.0000 0.9724 -0.0000 0.2334
1620774731.383304 0.1688 0.0250 -2.4166 -0.0000 0.9692 -0.0000 0.2462
1620774731.416638 0.1682 0.0250 -2.4155 -0.0000 0.9659 -0.0000 0.2588
1620774731.449971 0.1675 0.0250 -2.4144 -0.0000 0.9625 -0.0000 0.2714
1620774731.483304 0.1668 0.0250 -2.4133 -0.0000 0.9588 -0.0000 0.2840
1620774731.516638 0.1661 0.0250 -2.4122 -0.0000 0.9550 -0.0000 0.2965
1620774731.549971 0.1653 0.0250 -2.4111 -0.0000 0.9511 -0.0000 0.3090
1620774731.583304 0.1645 0.0250 -2.4100 -0.0000 0.9469 -0.0000 0.3214
1620774731.616637 0.1637 0.0250 -2.4090 -0.0000 0.9426 -0.0000 0.3338
1620774731.649971 0.1629 0.0250 -2.4080 -0.0000 0.9382 -0.0000 0.3461
1620774731.683304 0.1620 0.0250 -2.4070 -0.0000 0.9336 -0.0000 0.3584
1620774731.716637 0.1611 0.0250 -2.4061 -0.0000 0.9288 -0.0000 0.3706
1620774731.749971 0.1602 0.0250 -2.4051 -0.0000 0.9239 -0.0000 0.3827
1620774731.783304 0.1593 0.0250 -2.4042 -0.0000 0.9188 -0.0000 0.3947
1620774731.816637 0.1583 0.0250 -2.4033 -0.0000 0.9135 -0.0000 0.4067
1620774731.849971 0.1573 0.0250 -2.4025 -0.0000 0.9081 -0.0000 0.4187
1620774731.883304 0.1563 0.0250 -2.4016 -0.0000 0.9026 -0.0000 0.4305
1620774731.916637 0.1952 0.0250 -2.4331 -0.0000 0.9026 -0.0000 0.4305
1620774731.949970 0.2340 0.0250 -2.4646 -0.0000 0.9026 -0.0000 0.4305
1620774731.983304 0.2729 0.0250 -2.4960 -0.0000 0.9026 -0.0000 0.4305
1620774732.016637 0.3118 0.0250 -2.5275 -0.0000 0.9026 -0.0000 0.4305
1620774732.049970 0.3506 0.0250 -2.5590 -0.0000 0.9026 -0.0000 0.4305
1620774732.083304 0.3895 0.0250 -2.5904 -0.0000 0.9026 -0.0000 0.4305
1620774732.116637 0.4283 0.0250 -2.6219 -0.0000 0.9026 -0.0000 0.4305
1620774732.149970 0.4672 0.0250 -2.6534 -0.0000 0.9026 -0.0000 0.4305
1620774732.183304 0.5060 0.0250 -2.6848 -0.0000 0.9026 -0.0000 0.4305
1620774732.216637 0.5050 0.0250 -2.6840 -0.0000 0.8969 -0.0000 0.4423
1620774732.249970 0.5040 0.0250 -2.6832 -0.0000 0.8910 -0.0000 0.4540
1620774732.283303 0.5029 0.0250 -2.6825 -0.0000 0.8850 -0.0000 0.4656
1620774732.316637 0.5018 0.0250 -2.6817 -0.0000 0.8788 -0.0000 0.4772
1620774732.349970 0.5007 0.0250 -2.6810 -0.0000 0.8725 -0.0000 0.4886
1620774732.383303 0.4996 0.0250 -2.6804 -0.0000 0.8660 -0.0000 0.5000
1620774732.416637 0.4984 0.0250 -2.6797 -0.0000 0.8594 -0.0000 0.5113
1620774732.449970 0.4973 0.0250 -2.6791 -0.0000 0.8526 -0.0000 0.5225
1620774732.483303 0.4961 0.0250 -2.6785 -0.0000 0.8457 -0.0000 0.5336
1620774732.516637 0.4949 0.0250 -2.6780 -0.0000 0.8387 -0.0000 0.5446
1620774732.549970 0.4937 0.0250 -2.6775 -0.0000 0.8315 -0.0000 0.5556
1620774732.583303 0.4925 0.0250 -2.6770 -0.0000 0.8241 -0.0000 0.5664
1620774732.616637 0.5392 0.0250 -2.6949 -0.0000 0.8241 -0.0000 0.5664
1620774732.649970 0.5858 0.0250 -2.7128 -0.0000 0.8241 -0.0000 0.5664
1620774732.683303 0.6325 0.0250 -2.7308 -0.0000 0.8241 -0.0000 0.5664
1620774732.716636 0.6792 0.0250 -2.7487 -0.0000 0.8241 -0.0000 0.5664
1620774732.749970 0.7259 0.0250 -2.7666 -0.0000 0.8241 -0.0000 0.5664
1620774732.783303 0.7726 0.0250 -2.7845 -0.0000 0.8241 -0.0000 0.5664
1620774732.816636 0.8192 0.0250 -2.8024 -0.0000 0.8241 -0.0000 0.5664
1620774732.849970 0.8659 0.0250 -2.8203 -0.0000 0.8241 -0.0000 0.5664
1620774732.883303 0.9126 0.0250 -2.8383 -0.0000 0.8241 -0.0000 0.5664
1620774732.916636 0.9114 0.0250 -2.8378 -0.0000 0.8166 -0.0000 0.5771
1620774732.949970 0.9101 0.0250 -2.8374 -0.0000 0.8090 -0.0000 0.5878
1620774732.983303 0.9089 0.0250 -2.8370 -0.0000 0.8013 -0.0000 0.5983
1620774733.016636 0.9076 0.0250 -2.8366 -0.0000 0.7934 -0.0000 0.6088
1620774733.049969 0.9064 0.0250 -2.8363 -0.0000 0.7853 -0.0000 0.6191
1620774733.083303 0.9051 0.0250 -2.8360 -0.0000 0.7771 -0.0000 0.6293
1620774733.116636 0.9038 0.0250 -2.8358 -0.0000 0.7688 -0.0000 0.6394
1620774733.149969 0.9025 0.0250 -2.8356 -0.0000 0.7604 -0.0000 0.6494
1620774733.183303 0.9012 0.0250 -2.8354 -0.0000 0.7518 -0.0000 0.6593
1620774733.216636 0.8999 0.0250 -2.8352 -0.0000 0.7431 -0.0000 0.6691
1620774733.249969 0.8986 0.0250 -2.8351 -0.0000 0.7343 -0.0000 0.6788
1620774733.283303 0.8973 0.0250 -2.8350 -0.0000 0.7254 -0.0000 0.6884
1620774733.316636 0.8960 0.0250 -2.8350 -0.0000 0.7163 -0.0000 0.6978
1620774733.349969 0.9460 0.0250 -2.8363 -0.0000 0.7163 -0.0000 0.6978
1620774733.383302 0.9960 0.0250 -2.8376 -0.0000 0.7163 -0.0000 0.6978
1620774733.416636 1.0459 0.0250 -2.8389 -0.0000 0.7163 -0.0000 0.6978
1620774733.449969 1.0959 0.0250 -2.8402 -0.0000 0.7163 -0.0000 0.6978
1620774733.483302 1.1459 0.0250 -2.8415 -0.0000 0.7163 -0.0000 0.6978
1620774733.516636 1.1959 0.0250 -2.8428 -0.0000 0.7163 -0.0000 0.6978
1620774733.549969 1.2459 0.0250 -2.8441 -0.0000 0.7163 -0.0000 0.6978
1620774733.583302 1.2959 0.0250 -2.8454 -0.0000 0.7163 -0.0000 0.6978
1620774733.616636 1.3458 0.0250 -2.8467 -0.0000 0.7163 -0.0000 0.6978
1620774733.649969 1.3958 0.0250 -2.8480 -0.0000 0.7163 -0.0000 0.6978
1620774733.683302 1.4458 0.0250 -2.8494 -0.0000 0.7163 -0.0000 0.6978
1620774733.716635 1.4958 0.0250 -2.8507 -0.0000 0.7163 -0.0000 0.6978
1620774733.749969 1.5458 0.0250 -2.8520 -0.0000 0.7163 -0.0000 0.6978
1620774733.783302 1.5958 0.0250 -2.8533 -0.0000 0.7163 -0.0000 0.6978
1620774733.816635 1.6457 0.0250 -2.8546 -0.0000 0.7163 -0.0000 0.6978
1620774733.849969 1.6957 0.0250 -2.8559 -0.0000 0.7163 -0.0000 0.6978
1620774733.883302 1.7457 0.0250 -2.8572 -0.0000 0.7163 -0.0000 0.6978
1620774733.916635 1.7957 0.0250 -2.8585 -0.0000 0.7163 -0.0000 0.6978
1620774733.949969 1.8457 0.0250 -2.8598 -0.0000 0.7163 -0.0000 0.6978
1620774733.983302 1.8957 0.0250 -2.8611 -0.0000 0.7163 -0.0000 0.6978
1620774734.016635 1.9456 0.0250 -2.8624 -0.0000 0.7163 -0.0000 0.6978
1620774734.049968 1.9956 0.0250 -2.8638 -0.0000 0.7163 -0.0000 0.6978
1620774734.083302 2.0456 0.0250 -2.8651 -0.0000 0.7163 -0.0000 0.6978
1620774734.116635 2.0956 0.0250 -2.8664 -0.0000 0.7163 -0.0000 0.6978
1620774734.149968 2.1456 0.0250 -2.8677 -0.0000 0.7163 -0.0000 0.6978
1620774734.183302 2.1955 0.0250 -2.8690 -0.0000 0.7163 -0.0000 0.6978
1620774734.216635 2.2455 0.0250 -2.8703 -0.0000 0.7163 -0.0000 0.6978
1620774734.249968 2.2955 0.0250 -2.8716 -0.0000 0.7163 -0.0000 0.6978
1620774734.283302 2.3455 0.0250 -2.8729 -0.0000 0.7163 -0.0000 0.6978
1620774734.316635 2.3955 0.0250 -2.8742 -0.0000 0.7163 -0.0000 0.6978
1620774734.349968 2.4455 0.0250 -2.8755 -0.0000 0.7163 -0.0000 0.6978
1620774734.383301 2.4954 0.0250 -2.8768 -0.0000 0.7163 -0.0000 0.6978
1620774734.416635 2.5454 0.0250 -2.8782 -0.0000 0.7163 -0.0000 0.6978
1620774734.449968 2.5954 0.0250 -2.8795 -0.0000 0.7163 -0.0000 0.6978
1620774734.483301 2.6454 0.0250 -2.8808 -0.0000 0.7163 -0.0000 0.6978
1620774734.516635 2.6954 0.0250 -2.8821 -0.0000 0.7163 -0.0000 0.6978
1620774734.549968 2.7454 0.0250 -2.8834 -0.0000 0.7163 -0.0000 0.6978
1620774734.583301 2.7953 0.0250 -2.8847 -0.0000 0.7163 -0.0000 0.6978
1620774734.616635 2.8453 0.0250 -2.8860 -0.0000 0.7163 -0.0000 0.6978
1620774734.649968 2.8953 0.0250 -2.8873 -0.0000 0.7163 -0.0000 0.6978
1620774734.683301 2.9453 0.0250 -2.8886 -0.0000 0.7163 -0.0000 0.6978
1620774734.716635 2.9953 0.0250 -2.8899 -0.0000 0.7163 -0.0000 0.6978
1620774734.749968 3.0453 0.0250 -2.8912 -0.0000 0.7163 -0.0000 0.6978
1620774734.783301 3.0952 0.0250 -2.8926 -0.0000 0.7163 -0.0000 0.6978
1620774734.816634 3.1452 0.0250 -2.8939 -0.0000 0.7163 -0.0000 0.6978
1620774734.849968 3.1952 0.0250 -2.8952 -0.0000 0.7163 -0.0000 0.6978
1620774734.883301 3.1965 0.0250 -2.8952 -0.0000 0.7254 -0.0000 0.6884
1620774734.916634 3.1978 0.0250 -2.8953 -0.0000 0.7343 -0.0000 0.6788
1620774734.949968 3.1991 0.0250 -2.8954 -0.0000 0.7431 -0.0000 0.6691
1620774734.983301 3.2004 0.0250 -2.8956 -0.0000 0.7518 -0.0000 0.6593
1620774735.016634 3.2017 0.0250 -2.8958 -0.0000 0.7604 -0.0000 0.6494
1620774735.049968 3.2030 0.0250 -2.8960 -0.0000 0.7688 -0.0000 0.6394
1620774735.083301 3.2043 0.0250 -2.8962 -0.0000 0.7771 -0.0000 0.6293
1620774735.116634 3.2056 0.0250 -2.8965 -0.0000 0.7853 -0.0000 0.6191
1620774735.149967 3.2068 0.0250 -2.8969 -0.0000 0.7934 -0.0000 0.6088
1620774735.183301 3.2081 0.0250 -2.8972 -0.0000 0.8013 -0.0000 0.5983
1620774735.216634 3.2093 0.0250 -2.8976 -0.0000 0.8090 -0.0000 0.5878
1620774735.249967 3.2106 0.0250 -2.8980 -0.0000 0.8166 -0.0000 0.5771
1620774735.283301 3.2118 0.0250 -2.8985 -0.0000 0.8241 -0.0000 0.5664
1620774735.316634 3.2130 0.0250 -2.8990 -0.0000 0.8315 -0.0000 0.5556
1620774735.349967 3.2142 0.0250 -2.8995 -0.0000 0.8387 -0.0000 0.5446
1620774735.383301 3.2154 0.0250 -2.9000 -0.0000 0.8457 -0.0000 0.5336
1620774735.416634 3.2606 0.0250 -2.9215 -0.0000 0.8457 -0.0000 0.5336
1620774735.449967 3.3057 0.0250 -2.9431 -0.0000 0.8457 -0.0000 0.5336
1620774735.483300 3.3508 0.0250 -2.9646 -0.0000 0.8457 -0.0000 0.5336
1620774735.516634 3.3520 0.0250 -2.9652 -0.0000 0.8526 -0.0000 0.5225
1620774735.549967 3.3531 0.0250 -2.9658 -0.0000 0.8594 -0.0000 0.5113
1620774735.583300 3.3543 0.0250 -2.9664 -0.0000 0.8660 -0.0000 0.5000
1620774735.616634 3.3554 0.0250 -2.9671 -0.0000 0.8725 -0.0000 0.4886
1620774735.649967 3.3565 0.0250 -2.9678 -0.0000 0.8788 -0.0000 0.4772
1620774735.683300 3.3576 0.0250 -2.9685 -0.0000 0.8850 -0.0000 0.4656
1620774735.716634 3.3587 0.0250 -2.9693 -0.0000 0.8910 -0.0000 0.4540
1620774735.749967 3.3597 0.0250 -2.9701 -0.0000 0.8969 -0.0000 0.4423
1620774735.783300 3.3607 0.0250 -2.9709 -0.0000 0.9026 -0.0000 0.4305
1620774735.816633 3.3618 0.0250 -2.9717 -0.0000 0.9081 -0.0000 0.4187
1620774735.849967 3.3627 0.0250 -2.9726 -0.0000 0.9135 -0.0000 0.4067
1620774735.883300 3.3637 0.0250 -2.9735 -0.0000 0.9188 -0.0000 0.3947
1620774735.916633 3.3646 0.0250 -2.9744 -0.0000 0.9239 -0.0000 0.3827
1620774735.949967 3.3656 0.0250 -2.9753 -0.0000 0.9288 -0.0000 0.3706
1620774735.983300 3.3664 0.0250 -2.9763 -0.0000 0.9336 -0.0000 0.3584
1620774736.016633 3.3673 0.0250 -2.9773 -0.0000 0.9382 -0.0000 0.3461
1620774736.049967 3.3681 0.0250 -2.9783 -0.0000 0.9426 -0.0000 0.3338
1620774736.083300 3.3690 0.0250 -2.9793 -0.0000 0.9469 -0.0000 0.3214
1620774736.116633 3.3697 0.0250 -2.9803 -0.0000 0.9511 -0.0000 0.3090
1620774736.149966 3.3991 0.0250 -3.0208 -0.0000 0.9511 -0.0000 0.3090
1620774736.183300 3.4285 0.0250 -3.0612 -0.0000 0.9511 -0.0000 0.3090
1620774736.216633 3.4579 0.0250 -3.1017 -0.0000 0.9511 -0.0000 0.3090
1620774736.249966 3.4873 0.0250 -3.1421 -0.0000 0.9511 -0.0000 0.3090
1620774736.283300 3.5167 0.0250 -3.1826 -0.0000 0.9511 -0.0000 0.3090
1620774736.316633 3.5461 0.0250 -3.2230 -0.0000 0.9511 -0.0000 0.3090
1620774736.349966 3.5755 0.0250 -3.2635 -0.0000 0.9511 -0.0000 0.3090
1620774736.383300 3.5762 0.0250 -3.2646 -0.0000 0.9550 -0.0000 0.2965
1620774736.416633 3.5769 0.0250 -3.2657 -0.0000 0.9588 -0.0000 0.2840
1620774736.449966 3.5776 0.0250 -3.2668 -0.0000 0.9625 -0.0000 0.2714
1620774736.483299 3.5783 0.0250 -3.2679 -0.0000 0.9659 -0.0000 0.2588
1620774736.516633 3.5789 0.0250 -3.2690 -0.0000 0.9692 -0.0000 0.2462
1620774736.549966 3.5796 0.0250 -3.2702 -0.0000 0.9724 -0.0000 0.2334
1620774736.583299 3.5801 0.0250 -3.2714 -0.0000 0.9753 -0.0000 0.2207
1620774736.616633 3.5807 0.0250 -3.2725 -0.0000 0.9781 -0.0000 0.2079
1620774736.649966 3.5812 0.0250 -3.2738 -0.0000 0.9808 -0.0000 0.1951
1620774736.683299 3.5817 0.0250 -3.2750 -0.0000 0.9833 -0.0000 0.1822
1620774736.716633 3.5821 0.0250 -3.2762 -0.0000 0.9856 -0.0000 0.1693
1620774736.749966 3.5826 0.0250 -3.2774 -0.0000 0.9877 -0.0000 0.1564
1620774736.783299 3.5829 0.0250 -3.2787 -0.0000 0.9897 -0.0000 0.1435
1620774736.816633 3.5833 0.0250 -3.2799 -0.0000 0.9914 -0.0000 0.1305
1620774736.849966 3.5836 0.0250 -3.2812 -0.0000 0.9931 -0.0000 0.1175
1620774736.883299 3.5839 0.0250 -3.2825 -0.0000 0.9945 -0.0000 0.1045
1620774736.916632 3.5842 0.0250 -3.2838 -0.0000 0.9958 -0.0000 0.0915
1620774736.949966 3.5844 0.0250 -3.2851 -0.0000 0.9969 -0.0000 0.0785
1620774736.983299 3.5846 0.0250 -3.2864 -0.0000 0.9979 -0.0000 0.0654
1620774737.016632 3.5847 0.0250 -3.2877 -0.0000 0.9986 -0.0000 0.0523
1620774737.049966 3.5849 0.0250 -3.2890 -0.0000 0.9992 -0.0000 0.0393
1620774737.083299 3.5849 0.0250 -3.2903 -0.0000 0.9997 -0.0000 0.0262
1620774737.116632 3.5850 0.0250 -3.2916 -0.0000 0.9999 -0.0000 0.0131
1620774737.149966 3.5850 0.0250 -3.2929 -0.0000 1.0000 -0.0000 -0.0000
1620774737.183299 3.5850 0.0250 -3.2942 -0.0000 0.9999 -0.0000 -0.0131
1620774737.216632 3.5837 0.0250 -3.3442 -0.0000 0.9999 -0.0000 -0.0131
1620774737.249965 3.5824 0.0250 -3.3942 -0.0000 0.9999 -0.0000 -0.0131
1620774737.283299 3.5811 0.0250 -3.4441 -0.0000 0.9999 -0.0000 -0.0131
1620774737.316632 3.5798 0.0250 -3.4941 -0.0000 0.9999 -0.0000 -0.0131
1620774737.349965 3.5784 0.0250 -3.5441 -0.0000 0.9999 -0.0000 -0.0131
1620774737.383299 3.5771 0.0250 -3.5941 -0.0000 0.9999 -0.0000 -0.0131
1620774737.416632 3.5758 0.0250 -3.6441 -0.0000 0.9999 -0.0000 -0.0131
1620774737.449965 3.5745 0.0250 -3.6941 -0.0000 0.9999 -0.0000 -0.0131
1620774737.483299 3.5732 0.0250 -3.7440 -0.0000 0.9999 -0.0000 -0.0131
1620774737.516632 3.5719 0.0250 -3.7940 -0.0000 0.9999 -0.0000 -0.0131
1620774737.549965 3.5706 0.0250 -3.8440 -0.0000 0.9999 -0.0000 -0.0131
1620774737.583298 3.5693 0.0250 -3.8940 -0.0000 0.9999 -0.0000 -0.0131
1620774737.616632 3.5680 0.0250 -3.9440 -0.0000 0.9999 -0.0000 -0.0131
1620774737.649965 3.5667 0.0250 -3.9940 -0.0000 0.9999 -0.0000 -0.0131
1620774737.683298 3.5654 0.0250 -4.0439 -0.0000 0.9999 -0.0000 -0.0131
1620774737.716632 3.5640 0.0250 -4.0939 -0.0000 0.9999 -0.0000 -0.0131
1620774737.749965 3.5627 0.0250 -4.1439 -0.0000 0.9999 -0.0000 -0.0131
1620774737.783298 3.5614 0.0250 -4.1939 -0.0000 0.9999 -0.0000 -0.0131
1620774737.816632 3.5601 0.0250 -4.2439 -0.0000 0.9999 -0.0000 -0.0131
1620774737.849965 3.5588 0.0250 -4.2939 -0.0000 0.9999 -0.0000 -0.0131
1620774737.883298 3.5575 0.0250 -4.3438 -0.0000 0.9999 -0.0000 -0.0131
1620774737.916631 3.5562 0.0250 -4.3938 -0.0000 0.9999 -0.0000 -0.0131
1620774737.949965 3.5549 0.0250 -4.4438 -0.0000 0.9999 -0.0000 -0.0131
1620774737.983298 3.5536 0.0250 -4.4938 -0.0000 0.9999 -0.0000 -0.0131
1620774738.016631 3.5523 0.0250 -4.5438 -0.0000 0.9999 -0.0000 -0.0131
1620774738.049965 3.5510 0.0250 -4.5937 -0.0000 0.9999 -0.0000 -0.0131
1620774738.083298 3.5496 0.0250 -4.6437 -0.0000 0.9999 -0.0000 -0.0131
1620774738.116631 3.5483 0.0250 -4.6937 -0.0000 0.9999 -0.0000 -0.0131
1620774738.149965 3.5470 0.0250 -4.7437 -0.0000 0.9999 -0.0000 -0.0131
1620774738.183298 3.5457 0.0250 -4.7937 -0.0000 0.9999 -0.0000 -0.0131
1620774738.216631 3.5444 0.0250 -4.8437 -0.0000 0.9999 -0.0000 -0.0131
1620774738.249964 3.5431 0.0250 -4.8936 -0.0000 0.9999 -0.0000 -0.0131
1620774738.283298 3.5418 0.0250 -4.9436 -0.0000 0.9999 -0.0000 -0.0131
1620774738.316631 3.5405 0.0250 -4.9936 -0.0000 0.9999 -0.0000 -0.0131
1620774738.349964 3.5392 0.0250 -5.0436 -0.0000 0.9999 -0.0000 -0.0131
1620774738.383298 3.5379 0.0250 -5.0936 -0.0000 0.9999 -0.0000 -0.0131
1620774738.416631 3.5366 0.0250 -5.1436 -0.0000 0.9999 -0.0000 -0.0131
1620774738.449964 3.5366 0.0250 -5.1423 -0.0000 1.0000 -0.0000 -0.0000
1620774738.483298 3.5366 0.0250 -5.1409 -0.0000 0.9999 -0.0000 0.0131
1620774738.516631 3.5365 0.0250 -5.1396 -0.0000 0.9997 -0.0000 0.0262
1620774738.549964 3.5364 0.0250 -5.1383 -0.0000 0.9992 -0.0000 0.0393
1620774738.583297 3.5363 0.0250 -5.1370 -0.0000 0.9986 -0.0000 0.0523
1620774738.616631 3.5361 0.0250 -5.1357 -0.0000 0.9979 -0.0000 0.0654
1620774738.649964 3.5360 0.0250 -5.1344 -0.0000 0.9969 -0.0000 0.0785
1620774738.683297 3.5438 0.0250 -5.1838 -0.0000 0.9969 -0.0000 0.0785
1620774738.716631 3.5516 0.0250 -5.2332 -0.0000 0.9969 -0.0000 0.0785
1620774738.749964 3.5594 0.0250 -5.2826 -0.0000 0.9969 -0.0000 0.0785
1620774738.783297 3.5672 0.0250 -5.3320 -0.0000 0.9969 -0.0000 0.0785
1620774738.816631 3.5751 0.0250 -5.3814 -0.0000 0.9969 -0.0000 0.0785
1620774738.849964 3.5829 0.0250 -5.4307 -0.0000 0.9969 -0.0000 0.0785
1620774738.883297 3.5907 0.0250 -5.4801 -0.0000 0.9969 -0.0000 0.0785
1620774738.916631 3.5985 0.0250 -5.5295 -0.0000 0.9969 -0.0000 0.0785
1620774738.949964 3.6064 0.0250 -5.5789 -0.0000 0.9969 -0.0000 0.0785
1620774738.983297 3.6142 0.0250 -5.6283 -0.0000 0.9969 -0.0000 0.0785
1620774739.016630 3.6220 0.0250 -5.6777 -0.0000 0.9969 -0.0000 0.0785
1620774739.049964 3.6298 0.0250 -5.7270 -0.0000 0.9969 -0.0000 0.0785
1620774739.083297 3.6376 0.0250 -5.7764 -0.0000 0.9969 -0.0000 0.0785
1620774739.116630 3.6455 0.0250 -5.8258 -0.0000 0.9969 -0.0000 0.0785
1620774739.149964 3.6533 0.0250 -5.8752 -0.0000 0.9969 -0.0000 0.0785
1620774739.183297 3.6611 0.0250 -5.9246 -0.0000 0.9969 -0.0000 0.0785
1620774739.216630 3.6689 0.0250 -5.9740 -0.0000 0.9969 -0.0000 0.0785
1620774739.249964 3.6768 0.0250 -6.0234 -0.0000 0.9969 -0.0000 0.0785
1620774739.283297 3.6846 0.0250 -6.0727 -0.0000 0.9969 -0.0000 0.0785
1620774739.316630 3.6844 0.0250 -6.0714 -0.0000 0.9958 -0.0000 0.0915
1620774739.349963 3.6841 0.0250 -6.0702 -0.0000 0.9945 -0.0000 0.1045
1620774739.383297 3.6838 0.0250 -6.0689 -0.0000 0.9931 -0.0000 0.1175
1620774739.416630 3.6835 0.0250 -6.0676 -0.0000 0.9914 -0.0000 0.1305
1620774739.449963 3.6831 0.0250 -6.0664 -0.0000 0.9897 -0.0000 0.1435
1620774739.483297 3.6827 0.0250 -6.0651 -0.0000 0.9877 -0.0000 0.1564
1620774739.516630 3.6823 0.0250 -6.0639 -0.0000 0.9856 -0.0000 0.1693
1620774739.549963 3.6819 0.0250 -6.0626 -0.0000 0.9833 -0.0000 0.1822
1620774739.583297 3.6814 0.0250 -6.0614 -0.0000 0.9808 -0.0000 0.1951
1620774739.616630 3.6809 0.0250 -6.0602 -0.0000 0.9781 -0.0000 0.2079
1620774739.649963 3.7012 0.0250 -6.1059 -0.0000 0.9781 -0.0000 0.2079
1620774739.683296 3.7215 0.0250 -6.1516 -0.0000 0.9781 -0.0000 0.2079
1620774739.716630 3.7419 0.0250 -6.1973 -0.0000 0.9781 -0.0000 0.2079
1620774739.749963 3.7622 0.0250 -6.2429 -0.0000 0.9781 -0.0000 0.2079
1620774739.783296 3.7826 0.0250 -6.2886 -0.0000 0.9781 -0.0000 0.2079
1620774739.816630 3.8029 0.0250 -6.3343 -0.0000 0.9781 -0.0000 0.2079
1620774739.849963 3.8232 0.0250 -6.3800 -0.0000 0.9781 -0.0000 0.2079
1620774739.883296 3.8436 0.0250 -6.4256 -0.0000 0.9781 -0.0000 0.2079
1620774739.916630 3.8639 0.0250 -6.4713 -0.0000 0.9781 -0.0000 0.2079
1620774739.949963 3.8842 0.0250 -6.5170 -0.0000 0.9781 -0.0000 0.2079
1620774739.983296 3.8837 0.0250 -6.5158 -0.0000 0.9753 -0.0000 0.2207
1620774740.016629 3.8831 0.0250 -6.5146 -0.0000 0.9724 -0.0000 0.2334
1620774740.049963 3.8825 0.0250 -6.5135 -0.0000 0.9692 -0.0000 0.2462
1620774740.083296 3.8819 0.0250 -6.5123 -0.0000 0.9659 -0.0000 0.2588
1620774740.116629 3.8812 0.0250 -6.5112 -0.0000 0.9625 -0.0000 0.2714
1620774740.149963 3.8805 0.0250 -6.5101 -0.0000 0.9588 -0.0000 0.2840
1620774740.183296 3.8798 0.0250 -6.5090 -0.0000 0.9550 -0.0000 0.2965
1620774740.216629 3.8790 0.0250 -6.5079 -0.0000 0.9511 -0.0000 0.3090
1620774740.249963 3.8782 0.0250 -6.5069 -0.0000 0.9469 -0.0000 0.3214
1620774740.283296 3.8774 0.0250 -6.5059 -0.0000 0.9426 -0.0000 0.3338
1620774740.316629 3.8766 0.0250 -6.5049 -0.0000 0.9382 -0.0000 0.3461
1620774740.349962 3.8757 0.0250 -6.5039 -0.0000 0.9336 -0.0000 0.3584
1620774740.383296 3.8748 0.0250 -6.5029 -0.0000 0.9288 -0.0000 0.3706
1620774740.416629 3.8739 0.0250 -6.5020 -0.0000 0.9239 -0.0000 0.3827
1620774740.449962 3.8730 0.0250 -6.5011 -0.0000 0.9188 -0.0000 0.3947
1620774740.483296 3.9092 0.0250 -6.5355 -0.0000 0.9188 -0.0000 0.3947
1620774740.516629 3.9455 0.0250 -6.5699 -0.0000 0.9188 -0.0000 0.3947
1620774740.549962 3.9818 0.0250 -6.6043 -0.0000 0.9188 -0.0000 0.3947
1620774740.583296 4.0181 0.0250 -6.6387 -0.0000 0.9188 -0.0000 0.3947
1620774740.616629 4.0171 0.0250 -6.6378 -0.0000 0.9135 -0.0000 0.4067
1620774740.649962 4.0161 0.0250 -6.6370 -0.0000 0.9081 -0.0000 0.4187
1620774740.683295 4.0151 0.0250 -6.6361 -0.0000 0.9026 -0.0000 0.4305
1620774740.716629 4.0141 0.0250 -6.6353 -0.0000 0.8969 -0.0000 0.4423
1620774740.749962 4.0130 0.0250 -6.6346 -0.0000 0.8910 -0.0000 0.4540
1620774740.783295 4.0535 0.0250 -6.6639 -0.0000 0.8910 -0.0000 0.4540
1620774740.816629 4.0939 0.0250 -6.6933 -0.0000 0.8910 -0.0000 0.4540
1620774740.849962 4.1344 0.0250 -6.7227 -0.0000 0.8910 -0.0000 0.4540
1620774740.883295 4.1748 0.0250 -6.7521 -0.0000 0.8910 -0.0000 0.4540
1620774740.916629 4.2153 0.0250 -6.7815 -0.0000 0.8910 -0.0000 0.4540
1620774740.949962 4.2142 0.0250 -6.7807 -0.0000 0.8850 -0.0000 0.4656
1620774740.983295 4.2131 0.0250 -6.7800 -0.0000 0.8788 -0.0000 0.4772
1620774741.016629 4.2120 0.0250 -6.7793 -0.0000 0.8725 -0.0000 0.4886
1620774741.049962 4.2109 0.0250 -6.7786 -0.0000 0.8660 -0.0000 0.5000
1620774741.083295 4.2097 0.0250 -6.7780 -0.0000 0.8594 -0.0000 0.5113
1620774741.116628 4.2086 0.0250 -6.7774 -0.0000 0.8526 -0.0000 0.5225
1620774741.149962 4.2074 0.0250 -6.7768 -0.0000 0.8457 -0.0000 0.5336
1620774741.183295 4.2062 0.0250 -6.7763 -0.0000 0.8387 -0.0000 0.5446
1620774741.216628 4.2050 0.0250 -6.7758 -0.0000 0.8315 -0.0000 0.5556
1620774741.249962 4.2038 0.0250 -6.7753 -0.0000 0.8241 -0.0000 0.5664
1620774741.283295 4.2505 0.0250 -6.7932 -0.0000 0.8241 -0.0000 0.5664
1620774741.316628 4.2972 0.0250 -6.8111 -0.0000 0.8241 -0.0000 0.5664
1620774741.349962 4.3438 0.0250 -6.8290 -0.0000 0.8241 -0.0000 0.5664
1620774741.383295 4.3905 0.0250 -6.8469 -0.0000 0.8241 -0.0000 0.5664
1620774741.416628 4.4372 0.0250 -6.8649 -0.0000 0.8241 -0.0000 0.5664
1620774741.449961 4.4839 0.0250 -6.8828 -0.0000 0.8241 -0.0000 0.5664
1620774741.483295 4.4827 0.0250 -6.8823 -0.0000 0.8166 -0.0000 0.5771
1620774741.516628 4.4814 0.0250 -6.8819 -0.0000 0.8090 -0.0000 0.5878
1620774741.549961 4.4802 0.0250 -6.8815 -0.0000 0.8013 -0.0000 0.5983
1620774741.583295 4.4789 0.0250 -6.8812 -0.0000 0.7934 -0.0000 0.6088
1620774741.616628 4.4776 0.0250 -6.8808 -0.0000 0.7853 -0.0000 0.6191
1620774741.649961 4.4764 0.0250 -6.8806 -0.0000 0.7771 -0.0000 0.6293
1620774741.683295 4.4751 0.0250 -6.8803 -0.0000 0.7688 -0.0000 0.6394
1620774741.716628 4.4738 0.0250 -6.8801 -0.0000 0.7604 -0.0000 0.6494
1620774741.749961 4.4725 0.0250 -6.8799 -0.0000 0.7518 -0.0000 0.6593
1620774741.783294 4.4712 0.0250 -6.8797 -0.0000 0.7431 -0.0000 0.6691
1620774741.816628 4.4699 0.0250 -6.8796 -0.0000 0.7343 -0.0000 0.6788
1620774741.849961 4.4686 0.0250 -6.8795 -0.0000 0.7254 -0.0000 0.6884
1620774741.883294 4.4673 0.0250 -6.8795 -0.0000 0.7163 -0.0000 0.6978
1620774741.916628 4.4660 0.0250 -6.8795 -0.0000 0.7071 -0.0000 0.7071
1620774741.949961 4.4647 0.0250 -6.8795 -0.0000 0.6978 -0.0000 0.7163
1620774741.983294 4.4633 0.0250 -6.8795 -0.0000 0.6884 -0.0000 0.7254
1620774742.016628 4.5133 0.0250 -6.8769 -0.0000 0.6884 -0.0000 0.7254
1620774742.049961 4.5632 0.0250 -6.8743 -0.0000 0.6884 -0.0000 0.7254
1620774742.083294 4.6131 0.0250 -6.8717 -0.0000 0.6884 -0.0000 0.7254
1620774742.116627 4.6631 0.0250 -6.8691 -0.0000 0.6884 -0.0000 0.7254
1620774742.149961 4.7130 0.0250 -6.8664 -0.0000 0.6884 -0.0000 0.7254
1620774742.183294 4.7629 0.0250 -6.8638 -0.0000 0.6884 -0.0000 0.7254
1620774742.216627 4.8129 0.0250 -6.8612 -0.0000 0.6884 -0.0000 0.7254
1620774742.249961 4.8628 0.0250 -6.8586 -0.0000 0.6884 -0.0000 0.7254
1620774742.283294 4.9127 0.0250 -6.8560 -0.0000 0.6884 -0.0000 0.7254
1620774742.316627 4.9627 0.0250 -6.8534 -0.0000 0.6884 -0.0000 0.7254
1620774742.349961 5.0126 0.0250 -6.8507 -0.0000 0.6884 -0.0000 0.7254
1620774742.383294 5.0625 0.0250 -6.8481 -0.0000 0.6884 -0.0000 0.7254
1620774742.416627 5.1125 0.0250 -6.8455 -0.0000 0.6884 -0.0000 0.7254
1620774742.449960 5.1624 0.0250 -6.8429 -0.0000 0.6884 -0.0000 0.7254
1620774742.483294 5.2123 0.0250 -6.8403 -0.0000 0.6884 -0.0000 0.7254
1620774742.516627 5.2623 0.0250 -6.8377 -0.0000 0.6884 -0.0000 0.7254
1620774742.549960 5.3122 0.0250 -6.8350 -0.0000 0.6884 -0.0000 0.7254
1620774742.583294 5.3109 0.0250 -6.8351 -0.0000 0.6788 -0.0000 0.7343
1620774742.616627 5.3096 0.0250 -6.8352 -0.0000 0.6691 -0.0000 0.7431
1620774742.649960 5.3083 0.0250 -6.8354 -0.0000 0.6593 -0.0000 0.7518
1620774742.683294 5.3070 0.0250 -6.8356 -0.0000 0.6494 -0.0000 0.7604
1620774742.716627 5.3057 0.0250 -6.8358 -0.0000 0.6394 -0.0000 0.7688
1620774742.749960 5.3044 0.0250 -6.8361 -0.0000 0.6293 -0.0000 0.7771
1620774742.783293 5.3031 0.0250 -6.8364 -0.0000 0.6191 -0.0000 0.7853
1620774742.816627 5.3019 0.0250 -6.8367 -0.0000 0.6088 -0.0000 0.7934
1620774742.849960 5.3006 0.0250 -6.8370 -0.0000 0.5983 -0.0000 0.8013
1620774742.883293 5.2993 0.0250 -6.8374 -0.0000 0.5878 -0.0000 0.8090
1620774742.916627 5.2981 0.0250 -6.8378 -0.0000 0.5771 -0.0000 0.8166
1620774742.949960 5.2969 0.0250 -6.8383 -0.0000 0.5664 -0.0000 0.8241
1620774742.983293 5.2957 0.0250 -6.8388 -0.0000 0.5556 -0.0000 0.8315
1620774743.016627 5.2945 0.0250 -6.8393 -0.0000 0.5446 -0.0000 0.8387
1620774743.049960 5.2933 0.0250 -6.8398 -0.0000 0.5336 -0.0000 0.8457
1620774743.083293 5.2921 0.0250 -6.8404 -0.0000 0.5225 -0.0000 0.8526
1620774743.116627 5.2909 0.0250 -6.8410 -0.0000 0.5113 -0.0000 0.8594
1620774743.149960 5.2898 0.0250 -6.8417 -0.0000 0.5000 -0.0000 0.8660
1620774743.183293 5.2887 0.0250 -6.8423 -0.0000 0.4886 -0.0000 0.8725
1620774743.216626 5.2876 0.0250 -6.8430 -0.0000 0.4772 -0.0000 0.8788
1620774743.249960 5.2865 0.0250 -6.8438 -0.0000 0.4656 -0.0000 0.8850
1620774743.283293 5.2854 0.0250 -6.8445 -0.0000 0.4540 -0.0000 0.8910
1620774743.316626 5.2844 0.0250 -6.8453 -0.0000 0.4423 -0.0000 0.8969
1620774743.349960 5.3240 0.0250 -6.8149 -0.0000 0.4423 -0.0000 0.8969
1620774743.383293 5.3637 0.0250 -6.7844 -0.0000 0.4423 -0.0000 0.8969
1620774743.416626 5.4034 0.0250 -6.7540 -0.0000 0.4423 -0.0000 0.8969
1620774743.449960 5.4430 0.0250 -6.7236 -0.0000 0.4423 -0.0000 0.8969
1620774743.483293 5.4827 0.0250 -6.6931 -0.0000 0.4423 -0.0000 0.8969
1620774743.516626 5.5224 0.0250 -6.6627 -0.0000 0.4423 -0.0000 0.8969
1620774743.549959 5.5620 0.0250 -6.6322 -0.0000 0.4423 -0.0000 0.8969
1620774743.583293 5.6017 0.0250 -6.6018 -0.0000 0.4423 -0.0000 0.8969
1620774743.616626 5.6007 0.0250 -6.6026 -0.0000 0.4305 -0.0000 0.9026
1620774743.649959 5.5997 0.0250 -6.6035 -0.0000 0.4187 -0.0000 0.9081
1620774743.683293 5.5987 0.0250 -6.6043 -0.0000 0.4067 -0.0000 0.9135
1620774743.716626 5.5977 0.0250 -6.6052 -0.0000 0.3947 -0.0000 0.9188
1620774743.749959 5.5968 0.0250 -6.6061 -0.0000 0.3827 -0.0000 0.9239
1620774743.783293 5.5959 0.0250 -6.6071 -0.0000 0.3706 -0.0000 0.9288
1620774743.816626 5.5950 0.0250 -6.6080 -0.0000 0.3584 -0.0000 0.9336
1620774743.849959 5.5941 0.0250 -6.6090 -0.0000 0.3461 -0.0000 0.9382
1620774743.883292 5.6266 0.0250 -6.5710 -0.0000 0.3461 -0.0000 0.9382
1620774743.916626 5.6591 0.0250 -6.5330 -0.0000 0.3461 -0.0000 0.9382
1620774743.949959 5.6582 0.0250 -6.5340 -0.0000 0.3338 -0.0000 0.9426
1620774743.983292 5.6574 0.0250 -6.5350 -0.0000 0.3214 -0.0000 0.9469
1620774744.016626 5.6566 0.0250 -6.5360 -0.0000 0.3090 -0.0000 0.9511
1620774744.049959 5.6559 0.0250 -6.5371 -0.0000 0.2965 -0.0000 0.9550
1620774744.083292 5.6552 0.0250 -6.5382 -0.0000 0.2840 -0.0000 0.9588
1620774744.116626 5.6545 0.0250 -6.5393 -0.0000 0.2714 -0.0000 0.9625
1620774744.149959 5.6806 0.0250 -6.4967 -0.0000 0.2714 -0.0000 0.9625
1620774744.183292 5.7067 0.0250 -6.4540 -0.0000 0.2714 -0.0000 0.9625
1620774744.216625 5.7328 0.0250 -6.4114 -0.0000 0.2714 -0.0000 0.9625
1620774744.249959 5.7590 0.0250 -6.3688 -0.0000 0.2714 -0.0000 0.9625
1620774744.283292 5.7851 0.0250 -6.3261 -0.0000 0.2714 -0.0000 0.9625
1620774744.316625 5.7844 0.0250 -6.3273 -0.0000 0.2588 -0.0000 0.9659
1620774744.349959 5.7838 0.0250 -6.3284 -0.0000 0.2462 -0.0000 0.9692
1620774744.383292 5.7832 0.0250 -6.3296 -0.0000 0.2334 -0.0000 0.9724
1620774744.416625 5.7826 0.0250 -6.3307 -0.0000 0.2207 -0.0000 0.9753
1620774744.449959 5.7820 0.0250 -6.3319 -0.0000 0.2079 -0.0000 0.9781
1620774744.483292 5.7815 0.0250 -6.3331 -0.0000 0.1951 -0.0000 0.9808
1620774744.516625 5.7810 0.0250 -6.3344 -0.0000 0.1822 -0.0000 0.9833
1620774744.549958 5.7990 0.0250 -6.2877 -0.0000 0.1822 -0.0000 0.9833
1620774744.583292 5.8169 0.0250 -6.2410 -0.0000 0.1822 -0.0000 0.9833
1620774744.616625 5.8348 0.0250 -6.1943 -0.0000 0.1822 -0.0000 0.9833
1620774744.649958 5.8527 0.0250 -6.1476 -0.0000 0.1822 -0.0000 0.9833
1620774744.683292 5.8523 0.0250 -6.1489 -0.0000 0.1693 -0.0000 0.9856
1620774744.716625 5.8518 0.0250 -6.1501 -0.0000 0.1564 -0.0000 0.9877
1620774744.749958 5.8514 0.0250 -6.1514 -0.0000 0.1435 -0.0000 0.9897
1620774744.783292 5.8511 0.0250 -6.1526 -0.0000 0.1305 -0.0000 0.9914
1620774744.816625 5.8640 0.0250 -6.1043 -0.0000 0.1305 -0.0000 0.9914
1620774744.849958 5.8770 0.0250 -6.0560 -0.0000 0.1305 -0.0000 0.9914
1620774744.883291 5.8899 0.0250 -6.0077 -0.0000 0.1305 -0.0000 0.9914
1620774744.916625 5.9029 0.0250 -5.9594 -0.0000 0.1305 -0.0000 0.9914
1620774744.949958 5.9158 0.0250 -5.9111 -0.0000 0.1305 -0.0000 0.9914
1620774744.983291 5.9287 0.0250 -5.8628 -0.0000 0.1305 -0.0000 0.9914
1620774745.016625 5.9417 0.0250 -5.8145 -0.0000 0.1305 -0.0000 0.9914
1620774745.049958 5.9414 0.0250 -5.8158 -0.0000 0.1175 -0.0000 0.9931
1620774745.083291 5.9411 0.0250 -5.8171 -0.0000 0.1045 -0.0000 0.9945
1620774745.116625 5.9408 0.0250 -5.8184 -0.0000 0.0915 -0.0000 0.9958
1620774745.149958 5.9406 0.0250 -5.8197 -0.0000 0.0785 -0.0000 0.9969
1620774745.183291 5.9404 0.0250 -5.8210 -0.0000 0.0654 -0.0000 0.9979
1620774745.216624 5.9402 0.0250 -5.8223 -0.0000 0.0523 -0.0000 0.9986
1620774745.249958 5.9401 0.0250 -5.8236 -0.0000 0.0393 -0.0000 0.9992
1620774745.283291 5.9400 0.0250 -5.8249 -0.0000 0.0262 -0.0000 0.9997
1620774745.316624 5.9427 0.0250 -5.7749 -0.0000 0.0262 -0.0000 0.9997
1620774745.349958 5.9453 0.0250 -5.7250 -0.0000 0.0262 -0.0000 0.9997
1620774745.383291 5.9479 0.0250 -5.6751 -0.0000 0.0262 -0.0000 0.9997
1620774745.416624 5.9478 0.0250 -5.6764 -0.0000 0.0131 -0.0000 0.9999
1620774745.449958 5.9478 0.0250 -5.6777 -0.0000 0.0000 -0.0000 1.0000
1620774745.483291 5.9478 0.0250 -5.6277 -0.0000 0.0000 -0.0000 1.0000
1620774745.516624 5.9478 0.0250 -5.5777 -0.0000 0.0000 -0.0000 1.0000
1620774745.549958 5.9478 0.0250 -5.5277 -0.0000 0.0000 -0.0000 1.0000
1620774745.583291 5.9478 0.0250 -5.4777 -0.0000 0.0000 -0.0000 1.0000
1620774745.616624 5.9478 0.0250 -5.4277 -0.0000 0.0000 -0.0000 1.0000
1620774745.649957 5.9478 0.0250 -5.3777 -0.0000 0.0000 -0.0000 1.0000
1620774745.683291 5.9478 0.0250 -5.3277 -0.0000 0.0000 -0.0000 1.0000
1620774745.716624 5.9478 0.0250 -5.2777 -0.0000 0.0000 -0.0000 1.0000
1620774745.749957 5.9478 0.0250 -5.2277 -0.0000 0.0000 -0.0000 1.0000
1620774745.783291 5.9478 0.0250 -5.1777 -0.0000 0.0000 -0.0000 1.0000
1620774745.816624 5.9478 0.0250 -5.1277 -0.0000 0.0000 -0.0000 1.0000
1620774745.849957 5.9478 0.0250 -5.0777 -0.0000 0.0000 -0.0000 1.0000
1620774745.883291 5.9478 0.0250 -5.0277 -0.0000 0.0000 -0.0000 1.0000
1620774745.916624 5.9478 0.0250 -4.9777 -0.0000 0.0000 -0.0000 1.0000
1620774745.949957 5.9478 0.0250 -4.9277 -0.0000 0.0000 -0.0000 1.0000
1620774745.983290 5.9478 0.0250 -4.8777 -0.0000 0.0000 -0.0000 1.0000
1620774746.016624 5.9478 0.0250 -4.8277 -0.0000 0.0000 -0.0000 1.0000
1620774746.049957 5.9478 0.0250 -4.7777 -0.0000 0.0000 -0.0000 1.0000
1620774746.083290 5.9478 0.0250 -4.7277 -0.0000 0.0000 -0.0000 1.0000
1620774746.116624 5.9478 0.0250 -4.7290 -0.0000 -0.0131 -0.0000 0.9999
1620774746.149957 5.9479 0.0250 -4.7303 -0.0000 -0.0262 -0.0000 0.9997
1620774746.183290 5.9480 0.0250 -4.7316 -0.0000 -0.0393 -0.0000 0.9992
1620774746.216624 5.9441 0.0250 -4.6818 -0.0000 -0.0393 -0.0000 0.9992
1620774746.249957 5.9401 0.0250 -4.6319 -0.0000 -0.0393 -0.0000 0.9992
1620774746.283290 5.9362 0.0250 -4.5821 -0.0000 -0.0393 -0.0000 0.9992
1620774746.316623 5.9323 0.0250 -4.5322 -0.0000 -0.0393 -0.0000 0.9992
1620774746.349957 5.9284 0.0250 -4.4824 -0.0000 -0.0393 -0.0000 0.9992
1620774746.383290 5.9244 0.0250 -4.4325 -0.0000 -0.0393 -0.0000 0.9992
1620774746.416623 5.9246 0.0250 -4.4338 -0.0000 -0.0523 -0.0000 0.9986
1620774746.449957 5.9247 0.0250 -4.4351 -0.0000 -0.0654 -0.0000 0.9979
1620774746.483290 5.9249 0.0250 -4.4364 -0.0000 -0.0785 -0.0000 0.9969
1620774746.516623 5.9251 0.0250 -4.4377 -0.0000 -0.0915 -0.0000 0.9958
1620774746.549957 5.9160 0.0250 -4.3886 -0.0000 -0.0915 -0.0000 0.9958
1620774746.583290 5.9069 0.0250 -4.3394 -0.0000 -0.0915 -0.0000 0.9958
1620774746.616623 5.8978 0.0250 -4.2902 -0.0000 -0.0915 -0.0000 0.9958
1620774746.649956 5.8887 0.0250 -4.2411 -0.0000 -0.0915 -0.0000 0.9958
1620774746.683290 5.8796 0.0250 -4.1919 -0.0000 -0.0915 -0.0000 0.9958
1620774746.716623 5.8798 0.0250 -4.1932 -0.0000 -0.1045 -0.0000 0.9945
1620774746.749956 5.8801 0.0250 -4.1945 -0.0000 -0.1175 -0.0000 0.9931
1620774746.783290 5.8804 0.0250 -4.1957 -0.0000 -0.1305 -0.0000 0.9914
1620774746.816623 5.8808 0.0250 -4.1970 -0.0000 -0.1435 -0.0000 0.9897
1620774746.849956 5.8812 0.0250 -4.1982 -0.0000 -0.1564 -0.0000 0.9877
1620774746.883290 5.8816 0.0250 -4.1995 -0.0000 -0.1693 -0.0000 0.9856
1620774746.916623 5.8649 0.0250 -4.1524 -0.0000 -0.1693 -0.0000 0.9856
1620774746.949956 5.8482 0.0250 -4.1052 -0.0000 -0.1693 -0.0000 0.9856
1620774746.983289 5.8315 0.0250 -4.0581 -0.0000 -0.1693 -0.0000 0.9856
1620774747.016623 5.8148 0.0250 -4.0110 -0.0000 -0.1693 -0.0000 0.9856
1620774747.049956 5.7981 0.0250 -3.9638 -0.0000 -0.1693 -0.0000 0.9856
1620774747.083289 5.7815 0.0250 -3.9167 -0.0000 -0.1693 -0.0000 0.9856
1620774747.116623 5.7648 0.0250 -3.8696 -0.0000 -0.1693 -0.0000 0.9856
1620774747.149956 5.7481 0.0250 -3.8224 -0.0000 -0.1693 -0.0000 0.9856
1620774747.183289 5.7314 0.0250 -3.7753 -0.0000 -0.1693 -0.0000 0.9856
1620774747.216623 5.7147 0.0250 -3.7282 -0.0000 -0.1693 -0.0000 0.9856
1620774747.249956 5.6980 0.0250 -3.6810 -0.0000 -0.1693 -0.0000 0.9856
1620774747.283289 5.6813 0.0250 -3.6339 -0.0000 -0.1693 -0.0000 0.9856
1620774747.316622 5.6818 0.0250 -3.6351 -0.0000 -0.1822 -0.0000 0.9833
1620774747.349956 5.6822 0.0250 -3.6363 -0.0000 -0.1951 -0.0000 0.9808
1620774747.383289 5.6828 0.0250 -3.6375 -0.0000 -0.2079 -0.0000 0.9781
1620774747.416622 5.6833 0.0250 -3.6387 -0.0000 -0.2207 -0.0000 0.9753
1620774747.449956 5.6839 0.0250 -3.6399 -0.0000 -0.2334 -0.0000 0.9724
1620774747.483289 5.6845 0.0250 -3.6411 -0.0000 -0.2462 -0.0000 0.9692
1620774747.516622 5.6851 0.0250 -3.6422 -0.0000 -0.2588 -0.0000 0.9659
1620774747.549956 5.6858 0.0250 -3.6433 -0.0000 -0.2714 -0.0000 0.9625
1620774747.583289 5.6865 0.0250 -3.6444 -0.0000 -0.2840 -0.0000 0.9588
1620774747.616622 5.6872 0.0250 -3.6455 -0.0000 -0.2965 -0.0000 0.9550
1620774747.649956 5.6880 0.0250 -3.6466 -0.0000 -0.3090 -0.0000 0.9511
1620774747.683289 5.6888 0.0250 -3.6476 -0.0000 -0.3214 -0.0000 0.9469
1620774747.716622 5.6896 0.0250 -3.6487 -0.0000 -0.3338 -0.0000 0.9426
1620774747.749955 5.6581 0.0250 -3.6098 -0.0000 -0.3338 -0.0000 0.9426
1620774747.783289 5.6267 0.0250 -3.5710 -0.0000 -0.3338 -0.0000 0.9426
1620774747.816622 5.5952 0.0250 -3.5321 -0.0000 -0.3338 -0.0000 0.9426
1620774747.849955 5.5637 0.0250 -3.4932 -0.0000 -0.3338 -0.0000 0.9426
1620774747.883289 5.5323 0.0250 -3.4544 -0.0000 -0.3338 -0.0000 0.9426
1620774747.916622 5.5008 0.0250 -3.4155 -0.0000 -0.3338 -0.0000 0.9426
1620774747.949955 5.4693 0.0250 -3.3767 -0.0000 -0.3338 -0.0000 0.9426
1620774747.983289 5.4379 0.0250 -3.3378 -0.0000 -0.3338 -0.0000 0.9426
1620774748.016622 5.4064 0.0250 -3.2990 -0.0000 -0.3338 -0.0000 0.9426
1620774748.049955 5.3749 0.0250 -3.2601 -0.0000 -0.3338 -0.0000 0.9426
1620774748.083288 5.3435 0.0250 -3.2212 -0.0000 -0.3338 -0.0000 0.9426
1620774748.116622 5.3120 0.0250 -3.1824 -0.0000 -0.3338 -0.0000 0.9426
1620774748.149955 5.2805 0.0250 -3.1435 -0.0000 -0.3338 -0.0000 0.9426
1620774748.183288 5.2814 0.0250 -3.1445 -0.0000 -0.3461 -0.0000 0.9382
1620774748.216622 5.2822 0.0250 -3.1455 -0.0000 -0.3584 -0.0000 0.9336
1620774748.249955 5.2831 0.0250 -3.1465 -0.0000 -0.3706 -0.0000 0.9288
1620774748.283288 5.2840 0.0250 -3.1474 -0.0000 -0.3827 -0.0000 0.9239
1620774748.316622 5.2850 0.0250 -3.1483 -0.0000 -0.3947 -0.0000 0.9188
1620774748.349955 5.2859 0.0250 -3.1492 -0.0000 -0.4067 -0.0000 0.9135
1620774748.383288 5.2869 0.0250 -3.1501 -0.0000 -0.4187 -0.0000 0.9081
1620774748.416621 5.2879 0.0250 -3.1509 -0.0000 -0.4305 -0.0000 0.9026
1620774748.449955 5.2889 0.0250 -3.1517 -0.0000 -0.4423 -0.0000 0.8969
1620774748.483288 5.2900 0.0250 -3.1525 -0.0000 -0.4540 -0.0000 0.8910
1620774748.516621 5.2911 0.0250 -3.1533 -0.0000 -0.4656 -0.0000 0.8850
1620774748.549955 5.2922 0.0250 -3.1540 -0.0000 -0.4772 -0.0000 0.8788
1620774748.583288 5.2933 0.0250 -3.1547 -0.0000 -0.4886 -0.0000 0.8725
1620774748.616621 5.2944 0.0250 -3.1554 -0.0000 -0.5000 -0.0000 0.8660
1620774748.649955 5.2955 0.0250 -3.1560 -0.0000 -0.5113 -0.0000 0.8594
1620774748.683288 5.2967 0.0250 -3.1566 -0.0000 -0.5225 -0.0000 0.8526
1620774748.716621 5.2521 0.0250 -3.1339 -0.0000 -0.5225 -0.0000 0.8526
1620774748.749954 5.2076 0.0250 -3.1112 -0.0000 -0.5225 -0.0000 0.8526
1620774748.783288 5.1630 0.0250 -3.0885 -0.0000 -0.5225 -0.0000 0.8526
1620774748.816621 5.1185 0.0250 -3.0658 -0.0000 -0.5225 -0.0000 0.8526
1620774748.849954 5.0739 0.0250 -3.0431 -0.0000 -0.5225 -0.0000 0.8526
1620774748.883288 5.0294 0.0250 -3.0204 -0.0000 -0.5225 -0.0000 0.8526
1620774748.916621 4.9848 0.0250 -2.9977 -0.0000 -0.5225 -0.0000 0.8526
1620774748.949954 4.9403 0.0250 -2.9750 -0.0000 -0.5225 -0.0000 0.8526
1620774748.983288 4.8957 0.0250 -2.9523 -0.0000 -0.5225 -0.0000 0.8526
1620774749.016621 4.8512 0.0250 -2.9296 -0.0000 -0.5225 -0.0000 0.8526
1620774749.049954 4.8066 0.0250 -2.9069 -0.0000 -0.5225 -0.0000 0.8526
1620774749.083287 4.8078 0.0250 -2.9075 -0.0000 -0.5336 -0.0000 0.8457
1620774749.116621 4.8090 0.0250 -2.9080 -0.0000 -0.5446 -0.0000 0.8387
1620774749.149954 4.8102 0.0250 -2.9086 -0.0000 -0.5556 -0.0000 0.8315
1620774749.183287 4.8114 0.0250 -2.9090 -0.0000 -0.5664 -0.0000 0.8241
1620774749.216621 4.8126 0.0250 -2.9095 -0.0000 -0.5771 -0.0000 0.8166
1620774749.249954 4.8139 0.0250 -2.9099 -0.0000 -0.5878 -0.0000 0.8090
1620774749.283287 4.8151 0.0250 -2.9103 -0.0000 -0.5983 -0.0000 0.8013
1620774749.316621 4.8164 0.0250 -2.9107 -0.0000 -0.6088 -0.0000 0.7934
1620774749.349954 4.8177 0.0250 -2.9110 -0.0000 -0.6191 -0.0000 0.7853
1620774749.383287 4.8189 0.0250 -2.9113 -0.0000 -0.6293 -0.0000 0.7771
1620774749.416620 4.8202 0.0250 -2.9115 -0.0000 -0.6394 -0.0000 0.7688
1620774749.449954 4.8215 0.0250 -2.9118 -0.0000 -0.6494 -0.0000 0.7604
1620774749.483287 4.8228 0.0250 -2.9119 -0.0000 -0.6593 -0.0000 0.7518
1620774749.516620 4.8241 0.0250 -2.9121 -0.0000 -0.6691 -0.0000 0.7431
1620774749.549954 4.8254 0.0250 -2.9122 -0.0000 -0.6788 -0.0000 0.7343
1620774749.583287 4.7756 0.0250 -2.9083 -0.0000 -0.6788 -0.0000 0.7343
1620774749.616620 4.7257 0.0250 -2.9044 -0.0000 -0.6788 -0.0000 0.7343
1620774749.649954 4.6759 0.0250 -2.9004 -0.0000 -0.6788 -0.0000 0.7343
1620774749.683287 4.6260 0.0250 -2.8965 -0.0000 -0.6788 -0.0000 0.7343
1620774749.716620 4.6273 0.0250 -2.8966 -0.0000 -0.6884 -0.0000 0.7254
1620774749.749954 4.6286 0.0250 -2.8967 -0.0000 -0.6978 -0.0000 0.7163
1620774749.783287 4.6299 0.0250 -2.8967 -0.0000 -0.7071 -0.0000 0.7071
1620774749.816620 4.6313 0.0250 -2.8967 -0.0000 -0.7163 -0.0000 0.6978
1620774749.849953 4.5813 0.0250 -2.8980 -0.0000 -0.7163 -0.0000 0.6978
1620774749.883287 4.5313 0.0250 -2.8993 -0.0000 -0.7163 -0.0000 0.6978
1620774749.916620 4.4813 0.0250 -2.9006 -0.0000 -0.7163 -0.0000 0.6978
1620774749.949953 4.4313 0.0250 -2.9019 -0.0000 -0.7163 -0.0000 0.6978
1620774749.983287 4.3813 0.0250 -2.9032 -0.0000 -0.7163 -0.0000 0.6978
1620774750.016620 4.3800 0.0250 -2.9032 -0.0000 -0.7071 -0.0000 0.7071
1620774750.049953 4.3787 0.0250 -2.9032 -0.0000 -0.6978 -0.0000 0.7163
1620774750.083287 4.3774 0.0250 -2.9032 -0.0000 -0.6884 -0.0000 0.7254
1620774750.116620 4.3761 0.0250 -2.9031 -0.0000 -0.6788 -0.0000 0.7343
1620774750.149953 4.3263 0.0250 -2.8991 -0.0000 -0.6788 -0.0000 0.7343
1620774750.183286 4.2764 0.0250 -2.8952 -0.0000 -0.6788 -0.0000 0.7343
1620774750.216620 4.2266 0.0250 -2.8913 -0.0000 -0.6788 -0.0000 0.7343
1620774750.249953 4.2253 0.0250 -2.8912 -0.0000 -0.6691 -0.0000 0.7431
1620774750.283286 4.2240 0.0250 -2.8910 -0.0000 -0.6593 -0.0000 0.7518
1620774750.316620 4.1744 0.0250 -2.8845 -0.0000 -0.6593 -0.0000 0.7518
1620774750.349953 4.1248 0.0250 -2.8780 -0.0000 -0.6593 -0.0000 0.7518
1620774750.383286 4.0753 0.0250 -2.8714 -0.0000 -0.6593 -0.0000 0.7518
1620774750.416620 4.0257 0.0250 -2.8649 -0.0000 -0.6593 -0.0000 0.7518
1620774750.449953 3.9761 0.0250 -2.8584 -0.0000 -0.6593 -0.0000 0.7518
1620774750.483286 3.9265 0.0250 -2.8519 -0.0000 -0.6593 -0.0000 0.7518
1620774750.516619 3.8770 0.0250 -2.8453 -0.0000 -0.6593 -0.0000 0.7518
1620774750.549953 3.8274 0.0250 -2.8388 -0.0000 -0.6593 -0.0000 0.7518
1620774750.583286 3.7778 0.0250 -2.8323 -0.0000 -0.6593 -0.0000 0.7518
1620774750.616619 3.7282 0.0250 -2.8258 -0.0000 -0.6593 -0.0000 0.7518
1620774750.649953 3.6787 0.0250 -2.8192 -0.0000 -0.6593 -0.0000 0.7518
1620774750.683286 3.6291 0.0250 -2.8127 -0.0000 -0.6593 -0.0000 0.7518
1620774750.716619 3.5795 0.0250 -2.8062 -0.0000 -0.6593 -0.0000 0.7518
1620774750.749953 3.5300 0.0250 -2.7997 -0.0000 -0.6593 -0.0000 0.7518
1620774750.783286 3.4804 0.0250 -2.7931 -0.0000 -0.6593 -0.0000 0.7518
1620774750.816619 3.4308 0.0250 -2.7866 -0.0000 -0.6593 -0.0000 0.7518
1620774750.849952 3.3812 0.0250 -2.7801 -0.0000 -0.6593 -0.0000 0.7518
1620774750.883286 3.3317 0.0250 -2.7736 -0.0000 -0.6593 -0.0000 0.7518
1620774750.916619 3.2821 0.0250 -2.7670 -0.0000 -0.6593 -0.0000 0.7518
1620774750.949952 3.2325 0.0250 -2.7605 -0.0000 -0.6593 -0.0000 0.7518
1620774750.983286 3.1829 0.0250 -2.7540 -0.0000 -0.6593 -0.0000 0.7518
1620774751.016619 3.1334 0.0250 -2.7474 -0.0000 -0.6593 -0.0000 0.7518
