# ground truth trajectory
# file: 'rgbd_dataset_freiburg1_xyz.bag'
# timestamp tx ty tz qx qy qz qw
1620595994.308524 -1.7927 0.1108 19.2552 0.0000 0.0000 0.0000 1.0000
1620595994.341857 -1.7927 0.1108 19.2552 0.0000 -0.0026 0.0000 1.0000
1620595994.375191 -1.7927 0.1108 19.2552 0.0000 -0.0052 0.0000 1.0000
1620595994.408524 -1.7927 0.1108 19.2552 0.0000 -0.0078 0.0000 1.0000
1620595994.441857 -1.7927 0.1108 19.2552 0.0000 -0.0104 0.0000 0.9999
1620595994.475191 -1.7927 0.1108 19.2552 0.0000 -0.0131 0.0000 0.9999
1620595994.508524 -1.7927 0.1108 19.2552 0.0000 -0.0157 0.0000 0.9999
1620595994.541857 -1.7927 0.1108 19.2552 0.0000 -0.0183 0.0000 0.9998
1620595994.575191 -1.7927 0.1108 19.2552 0.0000 -0.0209 0.0000 0.9998
1620595994.608524 -1.7927 0.1108 19.2552 0.0000 -0.0235 0.0000 0.9997
1620595994.641857 -1.7927 0.1108 19.2552 0.0000 -0.0262 0.0000 0.9997
1620595994.675190 -1.7927 0.1108 19.2552 0.0000 -0.0288 0.0000 0.9996
1620595994.708524 -1.7927 0.1108 19.2552 0.0000 -0.0314 0.0000 0.9995
1620595994.741857 -1.7927 0.1108 19.2552 0.0000 -0.0340 0.0000 0.9994
1620595994.775190 -1.7927 0.1108 19.2552 0.0000 -0.0366 0.0000 0.9993
1620595994.808524 -1.7927 0.1108 19.2552 0.0000 -0.0392 0.0000 0.9992
1620595994.841857 -1.7927 0.1108 19.2552 0.0000 -0.0419 0.0000 0.9991
1620595994.875190 -1.7927 0.1108 19.2552 0.0000 -0.0445 0.0000 0.9990
1620595994.908524 -1.7927 0.1108 19.2552 0.0000 -0.0471 0.0000 0.9989
1620595994.941857 -1.7927 0.1108 19.2552 0.0000 -0.0497 0.0000 0.9988
1620595994.975190 -1.7927 0.1108 19.2552 0.0000 -0.0523 0.0000 0.9986
1620595995.008523 -1.7927 0.1108 19.2552 0.0000 -0.0549 0.0000 0.9985
1620595995.041857 -1.7927 0.1108 19.2552 0.0000 -0.0575 0.0000 0.9983
1620595995.075190 -1.7927 0.1108 19.2552 0.0000 -0.0602 0.0000 0.9982
1620595995.108523 -1.7927 0.1108 19.2552 0.0000 -0.0628 0.0000 0.9980
1620595995.141857 -1.7927 0.1108 19.2552 0.0000 -0.0654 0.0000 0.9979
1620595995.175190 -1.7927 0.1108 19.2552 0.0000 -0.0680 0.0000 0.9977
1620595995.208523 -1.7927 0.1108 19.2552 0.0000 -0.0706 0.0000 0.9975
1620595995.241857 -1.7927 0.1108 19.2552 0.0000 -0.0732 0.0000 0.9973
1620595995.275190 -1.7927 0.1108 19.2552 0.0000 -0.0758 0.0000 0.9971
1620595995.308523 -1.7927 0.1108 19.2552 0.0000 -0.0784 0.0000 0.9969
1620595995.341856 -1.7927 0.1108 19.2552 0.0000 -0.0810 0.0000 0.9967
1620595995.375190 -1.7927 0.1108 19.2552 0.0000 -0.0837 0.0000 0.9965
1620595995.408523 -1.7927 0.1108 19.2552 0.0000 -0.0863 0.0000 0.9963
1620595995.441856 -1.7927 0.1108 19.2552 0.0000 -0.0889 0.0000 0.9960
1620595995.475190 -1.7927 0.1108 19.2552 0.0000 -0.0915 0.0000 0.9958
1620595995.508523 -1.7927 0.1108 19.2552 0.0000 -0.0941 0.0000 0.9956
1620595995.541856 -1.7927 0.1108 19.2552 0.0000 -0.0967 0.0000 0.9953
1620595995.575190 -1.7927 0.1108 19.2552 0.0000 -0.0993 0.0000 0.9951
1620595995.608523 -1.7927 0.1108 19.2552 0.0000 -0.1019 0.0000 0.9948
1620595995.641856 -1.7927 0.1108 19.2552 0.0000 -0.1045 0.0000 0.9945
1620595995.675189 -1.7927 0.1108 19.2552 0.0000 -0.1071 0.0000 0.9942
1620595995.708523 -1.7927 0.1108 19.2552 0.0000 -0.1097 0.0000 0.9940
1620595995.741856 -1.7927 0.1108 19.2552 0.0000 -0.1123 0.0000 0.9937
1620595995.775189 -1.7927 0.1108 19.2552 0.0000 -0.1149 0.0000 0.9934
1620595995.808523 -1.7927 0.1108 19.2552 0.0000 -0.1175 0.0000 0.9931
1620595995.841856 -1.7927 0.1108 19.2552 0.0000 -0.1201 0.0000 0.9928
1620595995.875189 -1.7927 0.1108 19.2552 0.0000 -0.1227 0.0000 0.9924
1620595995.908523 -1.7927 0.1108 19.2552 0.0000 -0.1253 0.0000 0.9921
1620595995.941856 -1.7927 0.1108 19.2552 0.0000 -0.1279 0.0000 0.9918
1620595995.975189 -1.7927 0.1108 19.2552 0.0000 -0.1305 0.0000 0.9914
1620595996.008523 -1.7927 0.1108 19.2552 0.0000 -0.1331 0.0000 0.9911
1620595996.041856 -1.7927 0.1108 19.2552 0.0000 -0.1357 0.0000 0.9908
1620595996.075189 -1.7927 0.1108 19.2552 0.0000 -0.1383 0.0000 0.9904
1620595996.108522 -1.7927 0.1108 19.2552 0.0000 -0.1409 0.0000 0.9900
1620595996.141856 -1.7927 0.1108 19.2552 0.0000 -0.1435 0.0000 0.9897
1620595996.175189 -1.7927 0.1108 19.2552 0.0000 -0.1461 0.0000 0.9893
1620595996.208522 -1.7927 0.1108 19.2552 0.0000 -0.1486 0.0000 0.9889
1620595996.241856 -1.7927 0.1108 19.2552 0.0000 -0.1512 0.0000 0.9885
1620595996.275189 -1.7927 0.1108 19.2552 0.0000 -0.1538 0.0000 0.9881
1620595996.308522 -1.7927 0.1108 19.2552 0.0000 -0.1564 0.0000 0.9877
1620595996.341856 -1.7927 0.1108 19.2552 0.0000 -0.1590 0.0000 0.9873
1620595996.375189 -1.7927 0.1108 19.2552 0.0000 -0.1616 0.0000 0.9869
1620595996.408522 -1.7927 0.1108 19.2552 0.0000 -0.1642 0.0000 0.9864
1620595996.441855 -1.7927 0.1108 19.2552 0.0000 -0.1667 0.0000 0.9860
1620595996.475189 -1.7927 0.1108 19.2552 0.0000 -0.1693 0.0000 0.9856
1620595996.508522 -1.7927 0.1108 19.2552 0.0000 -0.1719 0.0000 0.9851
1620595996.541855 -1.7927 0.1108 19.2552 0.0000 -0.1745 0.0000 0.9847
1620595996.575189 -1.7927 0.1108 19.2552 0.0000 -0.1771 0.0000 0.9842
1620595996.608522 -1.7927 0.1108 19.2552 0.0000 -0.1796 0.0000 0.9837
1620595996.641855 -1.7927 0.1108 19.2552 0.0000 -0.1822 0.0000 0.9833
1620595996.675189 -1.7927 0.1108 19.2552 0.0000 -0.1848 0.0000 0.9828
1620595996.708522 -1.7927 0.1108 19.2552 0.0000 -0.1874 0.0000 0.9823
1620595996.741855 -1.7927 0.1108 19.2552 0.0000 -0.1899 0.0000 0.9818
1620595996.775188 -1.7927 0.1108 19.2552 0.0000 -0.1925 0.0000 0.9813
1620595996.808522 -1.7927 0.1108 19.2552 0.0000 -0.1951 0.0000 0.9808
1620595996.841855 -1.7927 0.1108 19.2552 0.0000 -0.1976 0.0000 0.9803
1620595996.875188 -1.7927 0.1108 19.2552 0.0000 -0.2002 0.0000 0.9798
1620595996.908522 -1.7927 0.1108 19.2552 0.0000 -0.2028 0.0000 0.9792
1620595996.941855 -1.7927 0.1108 19.2552 0.0000 -0.2053 0.0000 0.9787
1620595996.975188 -1.7927 0.1108 19.2552 0.0000 -0.2079 0.0000 0.9782
1620595997.008522 -1.7927 0.1108 19.2552 0.0000 -0.2104 0.0000 0.9776
1620595997.041855 -1.7927 0.1108 19.2552 0.0000 -0.2130 0.0000 0.9771
1620595997.075188 -1.7927 0.1108 19.2552 0.0000 -0.2156 0.0000 0.9765
1620595997.108521 -1.7927 0.1108 19.2552 0.0000 -0.2181 0.0000 0.9759
1620595997.141855 -1.7927 0.1108 19.2552 0.0000 -0.2207 0.0000 0.9753
1620595997.175188 -1.7927 0.1108 19.2552 0.0000 -0.2232 0.0000 0.9748
1620595997.208521 -1.7927 0.1108 19.2552 0.0000 -0.2258 0.0000 0.9742
1620595997.241855 -1.7927 0.1108 19.2552 0.0000 -0.2283 0.0000 0.9736
1620595997.275188 -1.7927 0.1108 19.2552 0.0000 -0.2309 0.0000 0.9730
1620595997.308521 -1.7927 0.1108 19.2552 0.0000 -0.2334 0.0000 0.9724
1620595997.341855 -1.7927 0.1108 19.2552 0.0000 -0.2360 0.0000 0.9718
1620595997.375188 -1.7927 0.1108 19.2552 0.0000 -0.2385 0.0000 0.9711
1620595997.408521 -1.7927 0.1108 19.2552 0.0000 -0.2411 0.0000 0.9705
1620595997.441854 -1.7927 0.1108 19.2552 0.0000 -0.2436 0.0000 0.9699
1620595997.475188 -1.7927 0.1108 19.2552 0.0000 -0.2461 0.0000 0.9692
1620595997.508521 -1.7927 0.1108 19.2552 0.0000 -0.2487 0.0000 0.9686
1620595997.541854 -1.7927 0.1108 19.2552 0.0000 -0.2512 0.0000 0.9679
1620595997.575188 -1.7927 0.1108 19.2552 0.0000 -0.2537 0.0000 0.9673
1620595997.608521 -1.7927 0.1108 19.2552 0.0000 -0.2563 0.0000 0.9666
1620595997.641854 -1.7927 0.1108 19.2552 0.0000 -0.2588 0.0000 0.9659
1620595997.675188 -1.7927 0.1108 19.2552 0.0000 -0.2613 0.0000 0.9653
1620595997.708521 -1.7927 0.1108 19.2552 0.0000 -0.2638 0.0000 0.9646
1620595997.741854 -1.7927 0.1108 19.2552 0.0000 -0.2664 0.0000 0.9639
1620595997.775187 -1.7927 0.1108 19.2552 0.0000 -0.2689 0.0000 0.9632
1620595997.808521 -1.7927 0.1108 19.2552 0.0000 -0.2714 0.0000 0.9625
1620595997.841854 -1.7927 0.1108 19.2552 0.0000 -0.2739 0.0000 0.9617
1620595997.875187 -1.7927 0.1108 19.2552 0.0000 -0.2765 0.0000 0.9610
1620595997.908521 -1.7927 0.1108 19.2552 0.0000 -0.2790 0.0000 0.9603
1620595997.941854 -1.7927 0.1108 19.2552 0.0000 -0.2815 0.0000 0.9596
1620595997.975187 -1.7927 0.1108 19.2552 0.0000 -0.2840 0.0000 0.9588
1620595998.008521 -1.7927 0.1108 19.2552 0.0000 -0.2865 0.0000 0.9581
1620595998.041854 -1.7927 0.1108 19.2552 0.0000 -0.2890 0.0000 0.9573
1620595998.075187 -1.7927 0.1108 19.2552 0.0000 -0.2915 0.0000 0.9566
1620595998.108521 -1.7927 0.1108 19.2552 0.0000 -0.2940 0.0000 0.9558
1620595998.141854 -1.7927 0.1108 19.2552 0.0000 -0.2965 0.0000 0.9550
1620595998.175187 -1.7927 0.1108 19.2552 0.0000 -0.2990 0.0000 0.9542
1620595998.208520 -1.7927 0.1108 19.2552 0.0000 -0.3015 0.0000 0.9535
1620595998.241854 -1.7927 0.1108 19.2552 0.0000 -0.3040 0.0000 0.9527
1620595998.275187 -1.7927 0.1108 19.2552 0.0000 -0.3065 0.0000 0.9519
1620595998.308520 -1.7927 0.1108 19.2552 0.0000 -0.3090 0.0000 0.9511
1620595998.341854 -1.7927 0.1108 19.2552 0.0000 -0.3115 0.0000 0.9503
1620595998.375187 -1.7927 0.1108 19.2552 0.0000 -0.3140 0.0000 0.9494
1620595998.408520 -1.7927 0.1108 19.2552 0.0000 -0.3165 0.0000 0.9486
1620595998.441854 -1.7927 0.1108 19.2552 0.0000 -0.3189 0.0000 0.9478
1620595998.475187 -1.7927 0.1108 19.2552 0.0000 -0.3214 0.0000 0.9469
1620595998.508520 -1.7927 0.1108 19.2552 0.0000 -0.3239 0.0000 0.9461
1620595998.541853 -1.7927 0.1108 19.2552 0.0000 -0.3264 0.0000 0.9452
1620595998.575187 -1.7742 0.1103 19.2316 0.0000 -0.3264 0.0000 0.9452
1620595998.608520 -1.7557 0.1097 19.2080 0.0000 -0.3264 0.0000 0.9452
1620595998.641853 -1.7372 0.1092 19.1844 0.0000 -0.3264 0.0000 0.9452
1620595998.675187 -1.7187 0.1086 19.1608 0.0000 -0.3264 0.0000 0.9452
1620595998.708520 -1.7001 0.1081 19.1372 0.0000 -0.3264 0.0000 0.9452
1620595998.741853 -1.6816 0.1075 19.1136 0.0000 -0.3264 0.0000 0.9452
1620595998.775187 -1.6631 0.1074 19.0900 0.0000 -0.3264 0.0000 0.9452
1620595998.808520 -1.6446 0.1080 19.0664 0.0000 -0.3264 0.0000 0.9452
1620595998.841853 -1.6261 0.1086 19.0428 0.0000 -0.3264 0.0000 0.9452
1620595998.875186 -1.6076 0.1093 19.0192 0.0000 -0.3264 0.0000 0.9452
1620595998.908520 -1.5891 0.1099 18.9955 0.0000 -0.3264 0.0000 0.9452
1620595998.941853 -1.5706 0.1105 18.9719 0.0000 -0.3264 0.0000 0.9452
1620595998.975186 -1.5521 0.1112 18.9483 0.0000 -0.3264 0.0000 0.9452
1620595999.008520 -1.5336 0.1118 18.9247 0.0000 -0.3264 0.0000 0.9452
1620595999.041853 -1.5150 0.1124 18.9011 0.0000 -0.3264 0.0000 0.9452
1620595999.075186 -1.4965 0.1130 18.8775 0.0000 -0.3264 0.0000 0.9452
1620595999.108520 -1.4780 0.1137 18.8539 0.0000 -0.3264 0.0000 0.9452
1620595999.141853 -1.4595 0.1143 18.8303 0.0000 -0.3264 0.0000 0.9452
1620595999.175186 -1.4410 0.1149 18.8067 0.0000 -0.3264 0.0000 0.9452
1620595999.208519 -1.4225 0.1156 18.7831 0.0000 -0.3264 0.0000 0.9452
1620595999.241853 -1.4040 0.1162 18.7595 0.0000 -0.3264 0.0000 0.9452
1620595999.275186 -1.3855 0.1168 18.7358 0.0000 -0.3264 0.0000 0.9452
1620595999.308519 -1.3670 0.1175 18.7122 0.0000 -0.3264 0.0000 0.9452
1620595999.341853 -1.3485 0.1181 18.6886 0.0000 -0.3264 0.0000 0.9452
1620595999.375186 -1.3299 0.1187 18.6650 0.0000 -0.3264 0.0000 0.9452
1620595999.408519 -1.3114 0.1194 18.6414 0.0000 -0.3264 0.0000 0.9452
1620595999.441853 -1.2929 0.1200 18.6178 0.0000 -0.3264 0.0000 0.9452
1620595999.475186 -1.2744 0.1206 18.5942 0.0000 -0.3264 0.0000 0.9452
1620595999.508519 -1.2559 0.1213 18.5706 0.0000 -0.3264 0.0000 0.9452
1620595999.541852 -1.2374 0.1219 18.5470 0.0000 -0.3264 0.0000 0.9452
1620595999.575186 -1.2189 0.1225 18.5234 0.0000 -0.3264 0.0000 0.9452
1620595999.608519 -1.2004 0.1232 18.4998 0.0000 -0.3264 0.0000 0.9452
1620595999.641852 -1.1819 0.1238 18.4761 0.0000 -0.3264 0.0000 0.9452
1620595999.675186 -1.1634 0.1244 18.4525 0.0000 -0.3264 0.0000 0.9452
1620595999.708519 -1.1449 0.1251 18.4289 0.0000 -0.3264 0.0000 0.9452
1620595999.741852 -1.1263 0.1258 18.4053 0.0000 -0.3264 0.0000 0.9452
1620595999.775186 -1.1078 0.1265 18.3817 0.0000 -0.3264 0.0000 0.9452
1620595999.808519 -1.0893 0.1272 18.3581 0.0000 -0.3264 0.0000 0.9452
1620595999.841852 -1.0708 0.1280 18.3345 0.0000 -0.3264 0.0000 0.9452
1620595999.875185 -1.0523 0.1287 18.3109 0.0000 -0.3264 0.0000 0.9452
1620595999.908519 -1.0338 0.1294 18.2873 0.0000 -0.3264 0.0000 0.9452
1620595999.941852 -1.0153 0.1302 18.2637 0.0000 -0.3264 0.0000 0.9452
1620595999.975185 -0.9968 0.1309 18.2401 0.0000 -0.3264 0.0000 0.9452
1620596000.008519 -0.9783 0.1316 18.2164 0.0000 -0.3264 0.0000 0.9452
1620596000.041852 -0.9598 0.1323 18.1928 0.0000 -0.3264 0.0000 0.9452
1620596000.075185 -0.9412 0.1331 18.1692 0.0000 -0.3264 0.0000 0.9452
1620596000.108519 -0.9227 0.1338 18.1456 0.0000 -0.3264 0.0000 0.9452
1620596000.141852 -0.9042 0.1345 18.1220 0.0000 -0.3264 0.0000 0.9452
1620596000.175185 -0.8857 0.1353 18.0984 0.0000 -0.3264 0.0000 0.9452
1620596000.208519 -0.8672 0.1360 18.0748 0.0000 -0.3264 0.0000 0.9452
1620596000.241852 -0.8487 0.1367 18.0512 0.0000 -0.3264 0.0000 0.9452
1620596000.275185 -0.8302 0.1374 18.0276 0.0000 -0.3264 0.0000 0.9452
1620596000.308518 -0.8117 0.1382 18.0040 0.0000 -0.3264 0.0000 0.9452
1620596000.341852 -0.7932 0.1389 17.9804 0.0000 -0.3264 0.0000 0.9452
1620596000.375185 -0.7747 0.1396 17.9567 0.0000 -0.3264 0.0000 0.9452
1620596000.408518 -0.7561 0.1404 17.9331 0.0000 -0.3264 0.0000 0.9452
1620596000.441852 -0.7376 0.1411 17.9095 0.0000 -0.3264 0.0000 0.9452
1620596000.475185 -0.7191 0.1418 17.8859 0.0000 -0.3264 0.0000 0.9452
1620596000.508518 -0.7006 0.1425 17.8623 0.0000 -0.3264 0.0000 0.9452
1620596000.541852 -0.6821 0.1433 17.8387 0.0000 -0.3264 0.0000 0.9452
1620596000.575185 -0.6636 0.1440 17.8151 0.0000 -0.3264 0.0000 0.9452
1620596000.608518 -0.6451 0.1447 17.7915 0.0000 -0.3264 0.0000 0.9452
1620596000.641851 -0.6266 0.1455 17.7679 0.0000 -0.3264 0.0000 0.9452
1620596000.675185 -0.6081 0.1462 17.7443 0.0000 -0.3264 0.0000 0.9452
1620596000.708518 -0.5896 0.1469 17.7206 0.0000 -0.3264 0.0000 0.9452
1620596000.741851 -0.5710 0.1476 17.6970 0.0000 -0.3264 0.0000 0.9452
1620596000.775185 -0.5525 0.1484 17.6734 0.0000 -0.3264 0.0000 0.9452
1620596000.808518 -0.5340 0.1491 17.6498 0.0000 -0.3264 0.0000 0.9452
1620596000.841851 -0.5155 0.1498 17.6262 0.0000 -0.3264 0.0000 0.9452
1620596000.875185 -0.4970 0.1517 17.6026 0.0000 -0.3264 0.0000 0.9452
1620596000.908518 -0.4785 0.1542 17.5790 0.0000 -0.3264 0.0000 0.9452
1620596000.941851 -0.4600 0.1567 17.5554 0.0000 -0.3264 0.0000 0.9452
1620596000.975184 -0.4415 0.1592 17.5318 0.0000 -0.3264 0.0000 0.9452
1620596001.008518 -0.4230 0.1617 17.5082 0.0000 -0.3264 0.0000 0.9452
1620596001.041851 -0.4045 0.1642 17.4846 0.0000 -0.3264 0.0000 0.9452
1620596001.075184 -0.3859 0.1667 17.4609 0.0000 -0.3264 0.0000 0.9452
1620596001.108518 -0.3674 0.1692 17.4373 0.0000 -0.3264 0.0000 0.9452
1620596001.141851 -0.3489 0.1717 17.4137 0.0000 -0.3264 0.0000 0.9452
1620596001.175184 -0.3304 0.1742 17.3901 0.0000 -0.3264 0.0000 0.9452
1620596001.208518 -0.3119 0.1767 17.3665 0.0000 -0.3264 0.0000 0.9452
1620596001.241851 -0.2934 0.1792 17.3429 0.0000 -0.3264 0.0000 0.9452
1620596001.275184 -0.2749 0.1817 17.3193 0.0000 -0.3264 0.0000 0.9452
1620596001.308517 -0.2564 0.1842 17.2957 0.0000 -0.3264 0.0000 0.9452
1620596001.341851 -0.2379 0.1867 17.2721 0.0000 -0.3264 0.0000 0.9452
1620596001.375184 -0.2194 0.1892 17.2485 0.0000 -0.3264 0.0000 0.9452
1620596001.408517 -0.2008 0.1917 17.2249 0.0000 -0.3264 0.0000 0.9452
1620596001.441851 -0.1823 0.1942 17.2012 0.0000 -0.3264 0.0000 0.9452
1620596001.475184 -0.1638 0.1967 17.1776 0.0000 -0.3264 0.0000 0.9452
1620596001.508517 -0.1453 0.1992 17.1540 0.0000 -0.3264 0.0000 0.9452
1620596001.541851 -0.1268 0.2017 17.1304 0.0000 -0.3264 0.0000 0.9452
1620596001.575184 -0.1083 0.2042 17.1068 0.0000 -0.3264 0.0000 0.9452
1620596001.608517 -0.0898 0.2067 17.0832 0.0000 -0.3264 0.0000 0.9452
1620596001.641850 -0.0713 0.2091 17.0596 0.0000 -0.3264 0.0000 0.9452
1620596001.675184 -0.0528 0.2092 17.0360 0.0000 -0.3264 0.0000 0.9452
1620596001.708517 -0.0343 0.2081 17.0124 0.0000 -0.3264 0.0000 0.9452
1620596001.741850 -0.0157 0.2071 16.9888 0.0000 -0.3264 0.0000 0.9452
1620596001.775184 0.0028 0.2060 16.9652 0.0000 -0.3264 0.0000 0.9452
1620596001.808517 0.0213 0.2050 16.9415 0.0000 -0.3264 0.0000 0.9452
1620596001.841850 0.0398 0.2039 16.9179 0.0000 -0.3264 0.0000 0.9452
1620596001.875184 0.0583 0.2029 16.8943 0.0000 -0.3264 0.0000 0.9452
1620596001.908517 0.0768 0.2018 16.8707 0.0000 -0.3264 0.0000 0.9452
1620596001.941850 0.0953 0.2007 16.8471 0.0000 -0.3264 0.0000 0.9452
1620596001.975183 0.1138 0.1997 16.8235 0.0000 -0.3264 0.0000 0.9452
1620596002.008517 0.1323 0.1986 16.7999 0.0000 -0.3264 0.0000 0.9452
1620596002.041850 0.1508 0.1976 16.7763 0.0000 -0.3264 0.0000 0.9452
1620596002.075183 0.1694 0.1965 16.7527 0.0000 -0.3264 0.0000 0.9452
1620596002.108517 0.1879 0.1955 16.7291 0.0000 -0.3264 0.0000 0.9452
1620596002.141850 0.2064 0.1944 16.7055 0.0000 -0.3264 0.0000 0.9452
1620596002.175183 0.2249 0.1934 16.6818 0.0000 -0.3264 0.0000 0.9452
1620596002.208517 0.2434 0.1923 16.6582 0.0000 -0.3264 0.0000 0.9452
1620596002.241850 0.2619 0.1912 16.6346 0.0000 -0.3264 0.0000 0.9452
1620596002.275183 0.2804 0.1902 16.6110 0.0000 -0.3264 0.0000 0.9452
1620596002.308517 0.2989 0.1891 16.5874 0.0000 -0.3264 0.0000 0.9452
1620596002.341850 0.3174 0.1881 16.5638 0.0000 -0.3264 0.0000 0.9452
1620596002.375183 0.3359 0.1870 16.5402 0.0000 -0.3264 0.0000 0.9452
1620596002.408516 0.3545 0.1860 16.5166 0.0000 -0.3264 0.0000 0.9452
1620596002.441850 0.3730 0.1849 16.4930 0.0000 -0.3264 0.0000 0.9452
1620596002.475183 0.3915 0.1838 16.4694 0.0000 -0.3264 0.0000 0.9452
1620596002.508516 0.4100 0.1828 16.4458 0.0000 -0.3264 0.0000 0.9452
1620596002.541850 0.4285 0.1817 16.4221 0.0000 -0.3264 0.0000 0.9452
1620596002.575183 0.4470 0.1807 16.3985 0.0000 -0.3264 0.0000 0.9452
1620596002.608516 0.4655 0.1796 16.3749 0.0000 -0.3264 0.0000 0.9452
1620596002.641850 0.4840 0.1786 16.3513 0.0000 -0.3264 0.0000 0.9452
1620596002.675183 0.5025 0.1775 16.3277 0.0000 -0.3264 0.0000 0.9452
1620596002.708516 0.5210 0.1765 16.3041 0.0000 -0.3264 0.0000 0.9452
1620596002.741849 0.5396 0.1754 16.2805 0.0000 -0.3264 0.0000 0.9452
1620596002.775183 0.5581 0.1743 16.2569 0.0000 -0.3264 0.0000 0.9452
1620596002.808516 0.5766 0.1733 16.2333 0.0000 -0.3264 0.0000 0.9452
1620596002.841849 0.5951 0.1722 16.2097 0.0000 -0.3264 0.0000 0.9452
1620596002.875183 0.6136 0.1712 16.1861 0.0000 -0.3264 0.0000 0.9452
1620596002.908516 0.6321 0.1701 16.1624 0.0000 -0.3264 0.0000 0.9452
1620596002.941849 0.6506 0.1691 16.1388 0.0000 -0.3264 0.0000 0.9452
1620596002.975183 0.6691 0.1680 16.1152 0.0000 -0.3264 0.0000 0.9452
1620596003.008516 0.6876 0.1687 16.0916 0.0000 -0.3264 0.0000 0.9452
1620596003.041849 0.7061 0.1708 16.0680 0.0000 -0.3264 0.0000 0.9452
1620596003.075182 0.7247 0.1729 16.0444 0.0000 -0.3264 0.0000 0.9452
1620596003.108516 0.7432 0.1750 16.0208 0.0000 -0.3264 0.0000 0.9452
1620596003.141849 0.7617 0.1770 15.9972 0.0000 -0.3264 0.0000 0.9452
1620596003.175182 0.7802 0.1791 15.9736 0.0000 -0.3264 0.0000 0.9452
1620596003.208516 0.7987 0.1812 15.9500 0.0000 -0.3264 0.0000 0.9452
1620596003.241849 0.8172 0.1833 15.9264 0.0000 -0.3264 0.0000 0.9452
1620596003.275182 0.8357 0.1854 15.9027 0.0000 -0.3264 0.0000 0.9452
1620596003.308516 0.8542 0.1875 15.8791 0.0000 -0.3264 0.0000 0.9452
1620596003.341849 0.8727 0.1895 15.8555 0.0000 -0.3264 0.0000 0.9452
1620596003.375182 0.8912 0.1916 15.8319 0.0000 -0.3264 0.0000 0.9452
1620596003.408515 0.9098 0.1937 15.8083 0.0000 -0.3264 0.0000 0.9452
1620596003.441849 0.9283 0.1958 15.7847 0.0000 -0.3264 0.0000 0.9452
1620596003.475182 0.9468 0.1979 15.7611 0.0000 -0.3264 0.0000 0.9452
1620596003.508515 0.9653 0.2000 15.7375 0.0000 -0.3264 0.0000 0.9452
1620596003.541849 0.9838 0.2020 15.7139 0.0000 -0.3264 0.0000 0.9452
1620596003.575182 1.0023 0.2041 15.6903 0.0000 -0.3264 0.0000 0.9452
1620596003.608515 1.0208 0.2062 15.6667 0.0000 -0.3264 0.0000 0.9452
1620596003.641849 1.0393 0.2083 15.6430 0.0000 -0.3264 0.0000 0.9452
1620596003.675182 1.0578 0.2099 15.6194 0.0000 -0.3264 0.0000 0.9452
1620596003.708515 1.0763 0.2099 15.5958 0.0000 -0.3264 0.0000 0.9452
1620596003.741848 1.0948 0.2099 15.5722 0.0000 -0.3264 0.0000 0.9452
1620596003.775182 1.1134 0.2099 15.5486 0.0000 -0.3264 0.0000 0.9452
1620596003.808515 1.1319 0.2099 15.5250 0.0000 -0.3264 0.0000 0.9452
1620596003.841848 1.1504 0.2099 15.5014 0.0000 -0.3264 0.0000 0.9452
1620596003.875182 1.1689 0.2099 15.4778 0.0000 -0.3264 0.0000 0.9452
1620596003.908515 1.1874 0.2099 15.4542 0.0000 -0.3264 0.0000 0.9452
1620596003.941848 1.2059 0.2099 15.4306 0.0000 -0.3264 0.0000 0.9452
1620596003.975182 1.2244 0.2099 15.4070 0.0000 -0.3264 0.0000 0.9452
1620596004.008515 1.2429 0.2099 15.3833 0.0000 -0.3264 0.0000 0.9452
1620596004.041848 1.2614 0.2099 15.3597 0.0000 -0.3264 0.0000 0.9452
1620596004.075181 1.2799 0.2099 15.3361 0.0000 -0.3264 0.0000 0.9452
1620596004.108515 1.2985 0.2099 15.3125 0.0000 -0.3264 0.0000 0.9452
1620596004.141848 1.3170 0.2099 15.2889 0.0000 -0.3264 0.0000 0.9452
1620596004.175181 1.3355 0.2099 15.2653 0.0000 -0.3264 0.0000 0.9452
1620596004.208515 1.3540 0.2099 15.2417 0.0000 -0.3264 0.0000 0.9452
1620596004.241848 1.3725 0.2099 15.2181 0.0000 -0.3264 0.0000 0.9452
1620596004.275181 1.3910 0.2099 15.1945 0.0000 -0.3264 0.0000 0.9452
1620596004.308515 1.4095 0.2099 15.1709 0.0000 -0.3264 0.0000 0.9452
1620596004.341848 1.4095 0.2099 15.1709 0.0000 -0.3239 0.0000 0.9461
1620596004.375181 1.4095 0.2099 15.1709 0.0000 -0.3214 0.0000 0.9469
1620596004.408514 1.4095 0.2099 15.1709 0.0000 -0.3189 0.0000 0.9478
1620596004.441848 1.4095 0.2099 15.1709 0.0000 -0.3165 0.0000 0.9486
1620596004.475181 1.4095 0.2099 15.1709 0.0000 -0.3140 0.0000 0.9494
1620596004.508514 1.4095 0.2099 15.1709 0.0000 -0.3115 0.0000 0.9503
1620596004.541848 1.4095 0.2099 15.1709 0.0000 -0.3090 0.0000 0.9511
1620596004.575181 1.4095 0.2099 15.1709 0.0000 -0.3065 0.0000 0.9519
1620596004.608514 1.4095 0.2099 15.1709 0.0000 -0.3040 0.0000 0.9527
1620596004.641848 1.4095 0.2099 15.1709 0.0000 -0.3015 0.0000 0.9535
1620596004.675181 1.4095 0.2099 15.1709 0.0000 -0.2990 0.0000 0.9542
1620596004.708514 1.4095 0.2099 15.1709 0.0000 -0.2965 0.0000 0.9550
1620596004.741848 1.4095 0.2099 15.1709 0.0000 -0.2940 0.0000 0.9558
1620596004.775181 1.4095 0.2099 15.1709 0.0000 -0.2915 0.0000 0.9566
1620596004.808514 1.4095 0.2099 15.1709 0.0000 -0.2890 0.0000 0.9573
1620596004.841847 1.4095 0.2099 15.1709 0.0000 -0.2865 0.0000 0.9581
1620596004.875181 1.4095 0.2099 15.1709 0.0000 -0.2840 0.0000 0.9588
1620596004.908514 1.4095 0.2099 15.1709 0.0000 -0.2815 0.0000 0.9596
1620596004.941847 1.4095 0.2099 15.1709 0.0000 -0.2790 0.0000 0.9603
1620596004.975181 1.4095 0.2099 15.1709 0.0000 -0.2765 0.0000 0.9610
1620596005.008514 1.4095 0.2099 15.1709 0.0000 -0.2739 0.0000 0.9617
1620596005.041847 1.4095 0.2099 15.1709 0.0000 -0.2714 0.0000 0.9625
1620596005.075181 1.4095 0.2099 15.1709 0.0000 -0.2689 0.0000 0.9632
1620596005.108514 1.4095 0.2099 15.1709 0.0000 -0.2664 0.0000 0.9639
1620596005.141847 1.4095 0.2099 15.1709 0.0000 -0.2638 0.0000 0.9646
1620596005.175180 1.4095 0.2099 15.1709 0.0000 -0.2613 0.0000 0.9653
1620596005.208514 1.4095 0.2099 15.1709 0.0000 -0.2588 0.0000 0.9659
1620596005.241847 1.4095 0.2099 15.1709 0.0000 -0.2563 0.0000 0.9666
1620596005.275180 1.4095 0.2099 15.1709 0.0000 -0.2537 0.0000 0.9673
1620596005.308514 1.4095 0.2099 15.1709 0.0000 -0.2512 0.0000 0.9679
1620596005.341847 1.4095 0.2099 15.1709 0.0000 -0.2487 0.0000 0.9686
1620596005.375180 1.4095 0.2099 15.1709 0.0000 -0.2461 0.0000 0.9692
1620596005.408514 1.4095 0.2099 15.1709 0.0000 -0.2436 0.0000 0.9699
1620596005.441847 1.4095 0.2099 15.1709 0.0000 -0.2411 0.0000 0.9705
1620596005.475180 1.4095 0.2099 15.1709 0.0000 -0.2385 0.0000 0.9711
1620596005.508513 1.4095 0.2099 15.1709 0.0000 -0.2360 0.0000 0.9718
1620596005.541847 1.4095 0.2099 15.1709 0.0000 -0.2334 0.0000 0.9724
1620596005.575180 1.4095 0.2099 15.1709 0.0000 -0.2309 0.0000 0.9730
1620596005.608513 1.4095 0.2099 15.1709 0.0000 -0.2283 0.0000 0.9736
1620596005.641847 1.4095 0.2099 15.1709 0.0000 -0.2258 0.0000 0.9742
1620596005.675180 1.4095 0.2099 15.1709 0.0000 -0.2232 0.0000 0.9748
1620596005.708513 1.4095 0.2099 15.1709 0.0000 -0.2207 0.0000 0.9753
1620596005.741847 1.4095 0.2099 15.1709 0.0000 -0.2181 0.0000 0.9759
1620596005.775180 1.4095 0.2099 15.1709 0.0000 -0.2156 0.0000 0.9765
1620596005.808513 1.4095 0.2099 15.1709 0.0000 -0.2130 0.0000 0.9771
1620596005.841846 1.4095 0.2099 15.1709 0.0000 -0.2104 0.0000 0.9776
1620596005.875180 1.4095 0.2099 15.1709 0.0000 -0.2079 0.0000 0.9782
1620596005.908513 1.4095 0.2099 15.1709 0.0000 -0.2053 0.0000 0.9787
1620596005.941846 1.4095 0.2099 15.1709 0.0000 -0.2028 0.0000 0.9792
1620596005.975180 1.4095 0.2099 15.1709 0.0000 -0.2002 0.0000 0.9798
1620596006.008513 1.4095 0.2099 15.1709 0.0000 -0.1976 0.0000 0.9803
1620596006.041846 1.4095 0.2099 15.1709 0.0000 -0.1951 0.0000 0.9808
1620596006.075180 1.4095 0.2099 15.1709 0.0000 -0.1925 0.0000 0.9813
1620596006.108513 1.4095 0.2099 15.1709 0.0000 -0.1899 0.0000 0.9818
1620596006.141846 1.4095 0.2099 15.1709 0.0000 -0.1874 0.0000 0.9823
1620596006.175179 1.4095 0.2099 15.1709 0.0000 -0.1848 0.0000 0.9828
1620596006.208513 1.4095 0.2099 15.1709 0.0000 -0.1822 0.0000 0.9833
1620596006.241846 1.4095 0.2099 15.1709 0.0000 -0.1796 0.0000 0.9837
1620596006.275179 1.4095 0.2099 15.1709 0.0000 -0.1771 0.0000 0.9842
1620596006.308513 1.4095 0.2099 15.1709 0.0000 -0.1745 0.0000 0.9847
1620596006.341846 1.4095 0.2099 15.1709 0.0000 -0.1719 0.0000 0.9851
1620596006.375179 1.4095 0.2099 15.1709 0.0000 -0.1693 0.0000 0.9856
1620596006.408513 1.4195 0.2099 15.1426 0.0000 -0.1693 0.0000 0.9856
1620596006.441846 1.4295 0.2099 15.1143 0.0000 -0.1693 0.0000 0.9856
1620596006.475179 1.4396 0.2099 15.0860 0.0000 -0.1693 0.0000 0.9856
1620596006.508512 1.4496 0.2099 15.0577 0.0000 -0.1693 0.0000 0.9856
1620596006.541846 1.4596 0.2099 15.0295 0.0000 -0.1693 0.0000 0.9856
1620596006.575179 1.4696 0.2099 15.0012 0.0000 -0.1693 0.0000 0.9856
1620596006.608512 1.4796 0.2099 14.9729 0.0000 -0.1693 0.0000 0.9856
1620596006.641846 1.4896 0.2099 14.9446 0.0000 -0.1693 0.0000 0.9856
1620596006.675179 1.4996 0.2099 14.9163 0.0000 -0.1693 0.0000 0.9856
1620596006.708512 1.5096 0.2099 14.8881 0.0000 -0.1693 0.0000 0.9856
1620596006.741846 1.5197 0.2099 14.8598 0.0000 -0.1693 0.0000 0.9856
1620596006.775179 1.5297 0.2099 14.8315 0.0000 -0.1693 0.0000 0.9856
1620596006.808512 1.5397 0.2099 14.8032 0.0000 -0.1693 0.0000 0.9856
1620596006.841846 1.5497 0.2099 14.7750 0.0000 -0.1693 0.0000 0.9856
1620596006.875179 1.5597 0.2099 14.7467 0.0000 -0.1693 0.0000 0.9856
1620596006.908512 1.5697 0.2099 14.7184 0.0000 -0.1693 0.0000 0.9856
1620596006.941845 1.5797 0.2099 14.6901 0.0000 -0.1693 0.0000 0.9856
1620596006.975179 1.5897 0.2099 14.6618 0.0000 -0.1693 0.0000 0.9856
1620596007.008512 1.5998 0.2099 14.6336 0.0000 -0.1693 0.0000 0.9856
1620596007.041845 1.6098 0.2099 14.6053 0.0000 -0.1693 0.0000 0.9856
1620596007.075179 1.6198 0.2099 14.5770 0.0000 -0.1693 0.0000 0.9856
1620596007.108512 1.6298 0.2099 14.5487 0.0000 -0.1693 0.0000 0.9856
1620596007.141845 1.6398 0.2099 14.5204 0.0000 -0.1693 0.0000 0.9856
1620596007.175179 1.6498 0.2099 14.4922 0.0000 -0.1693 0.0000 0.9856
1620596007.208512 1.6598 0.2099 14.4639 0.0000 -0.1693 0.0000 0.9856
1620596007.241845 1.6699 0.2099 14.4356 0.0000 -0.1693 0.0000 0.9856
1620596007.275178 1.6799 0.2099 14.4073 0.0000 -0.1693 0.0000 0.9856
1620596007.308512 1.6899 0.2099 14.3790 0.0000 -0.1693 0.0000 0.9856
1620596007.341845 1.6999 0.2099 14.3508 0.0000 -0.1693 0.0000 0.9856
1620596007.375178 1.7099 0.2099 14.3225 0.0000 -0.1693 0.0000 0.9856
1620596007.408512 1.7199 0.2099 14.2942 0.0000 -0.1693 0.0000 0.9856
1620596007.441845 1.7299 0.2099 14.2659 0.0000 -0.1693 0.0000 0.9856
1620596007.475178 1.7399 0.2099 14.2376 0.0000 -0.1693 0.0000 0.9856
1620596007.508512 1.7500 0.2099 14.2094 0.0000 -0.1693 0.0000 0.9856
1620596007.541845 1.7600 0.2099 14.1811 0.0000 -0.1693 0.0000 0.9856
1620596007.575178 1.7700 0.2099 14.1528 0.0000 -0.1693 0.0000 0.9856
1620596007.608511 1.7800 0.2099 14.1245 0.0000 -0.1693 0.0000 0.9856
1620596007.641845 1.7900 0.2099 14.0962 0.0000 -0.1693 0.0000 0.9856
1620596007.675178 1.8000 0.2099 14.0680 0.0000 -0.1693 0.0000 0.9856
1620596007.708511 1.8100 0.2099 14.0397 0.0000 -0.1693 0.0000 0.9856
1620596007.741845 1.8200 0.2099 14.0114 0.0000 -0.1693 0.0000 0.9856
1620596007.775178 1.8301 0.2099 13.9831 0.0000 -0.1693 0.0000 0.9856
1620596007.808511 1.8401 0.2099 13.9549 0.0000 -0.1693 0.0000 0.9856
1620596007.841845 1.8501 0.2099 13.9266 0.0000 -0.1693 0.0000 0.9856
1620596007.875178 1.8601 0.2099 13.8983 0.0000 -0.1693 0.0000 0.9856
1620596007.908511 1.8701 0.2099 13.8700 0.0000 -0.1693 0.0000 0.9856
1620596007.941844 1.8801 0.2099 13.8417 0.0000 -0.1693 0.0000 0.9856
1620596007.975178 1.8901 0.2099 13.8135 0.0000 -0.1693 0.0000 0.9856
1620596008.008511 1.9001 0.2099 13.7852 0.0000 -0.1693 0.0000 0.9856
1620596008.041844 1.9102 0.2099 13.7569 0.0000 -0.1693 0.0000 0.9856
1620596008.075178 1.9202 0.2099 13.7286 0.0000 -0.1693 0.0000 0.9856
1620596008.108511 1.9202 0.2099 13.7286 0.0000 -0.1667 0.0000 0.9860
1620596008.141844 1.9202 0.2099 13.7286 0.0000 -0.1642 0.0000 0.9864
1620596008.175178 1.9202 0.2099 13.7286 0.0000 -0.1616 0.0000 0.9869
1620596008.208511 1.9202 0.2099 13.7286 0.0000 -0.1590 0.0000 0.9873
1620596008.241844 1.9202 0.2099 13.7286 0.0000 -0.1564 0.0000 0.9877
1620596008.275177 1.9202 0.2099 13.7286 0.0000 -0.1538 0.0000 0.9881
1620596008.308511 1.9202 0.2099 13.7286 0.0000 -0.1512 0.0000 0.9885
1620596008.341844 1.9202 0.2099 13.7286 0.0000 -0.1486 0.0000 0.9889
1620596008.375177 1.9202 0.2099 13.7286 0.0000 -0.1461 0.0000 0.9893
1620596008.408511 1.9202 0.2099 13.7286 0.0000 -0.1435 0.0000 0.9897
1620596008.441844 1.9202 0.2099 13.7286 0.0000 -0.1409 0.0000 0.9900
1620596008.475177 1.9202 0.2099 13.7286 0.0000 -0.1383 0.0000 0.9904
1620596008.508511 1.9202 0.2099 13.7286 0.0000 -0.1357 0.0000 0.9908
1620596008.541844 1.9202 0.2099 13.7286 0.0000 -0.1331 0.0000 0.9911
1620596008.575177 1.9202 0.2099 13.7286 0.0000 -0.1305 0.0000 0.9914
1620596008.608510 1.9202 0.2099 13.7286 0.0000 -0.1279 0.0000 0.9918
1620596008.641844 1.9202 0.2099 13.7286 0.0000 -0.1253 0.0000 0.9921
1620596008.675177 1.9202 0.2099 13.7286 0.0000 -0.1227 0.0000 0.9924
1620596008.708510 1.9202 0.2099 13.7286 0.0000 -0.1201 0.0000 0.9928
1620596008.741844 1.9202 0.2099 13.7286 0.0000 -0.1175 0.0000 0.9931
1620596008.775177 1.9202 0.2099 13.7286 0.0000 -0.1149 0.0000 0.9934
1620596008.808510 1.9202 0.2099 13.7286 0.0000 -0.1123 0.0000 0.9937
1620596008.841844 1.9202 0.2099 13.7286 0.0000 -0.1097 0.0000 0.9940
1620596008.875177 1.9202 0.2099 13.7286 0.0000 -0.1071 0.0000 0.9942
1620596008.908510 1.9202 0.2099 13.7286 0.0000 -0.1045 0.0000 0.9945
1620596008.941844 1.9202 0.2099 13.7286 0.0000 -0.1019 0.0000 0.9948
1620596008.975177 1.9202 0.2099 13.7286 0.0000 -0.0993 0.0000 0.9951
1620596009.008510 1.9202 0.2099 13.7286 0.0000 -0.0967 0.0000 0.9953
1620596009.041843 1.9202 0.2099 13.7286 0.0000 -0.0941 0.0000 0.9956
1620596009.075177 1.9202 0.2099 13.7286 0.0000 -0.0915 0.0000 0.9958
1620596009.108510 1.9202 0.2099 13.7286 0.0000 -0.0889 0.0000 0.9960
1620596009.141843 1.9202 0.2099 13.7286 0.0000 -0.0863 0.0000 0.9963
1620596009.175177 1.9202 0.2099 13.7286 0.0000 -0.0837 0.0000 0.9965
1620596009.208510 1.9202 0.2099 13.7286 0.0000 -0.0810 0.0000 0.9967
1620596009.241843 1.9202 0.2099 13.7286 0.0000 -0.0784 0.0000 0.9969
1620596009.275177 1.9202 0.2099 13.7286 0.0000 -0.0758 0.0000 0.9971
1620596009.308510 1.9202 0.2099 13.7286 0.0000 -0.0732 0.0000 0.9973
1620596009.341843 1.9202 0.2099 13.7286 0.0000 -0.0706 0.0000 0.9975
1620596009.375176 1.9202 0.2099 13.7286 0.0000 -0.0680 0.0000 0.9977
1620596009.408510 1.9202 0.2099 13.7286 0.0000 -0.0654 0.0000 0.9979
1620596009.441843 1.9202 0.2099 13.7286 0.0000 -0.0628 0.0000 0.9980
1620596009.475176 1.9202 0.2099 13.7286 0.0000 -0.0602 0.0000 0.9982
1620596009.508510 1.9202 0.2099 13.7286 0.0000 -0.0575 0.0000 0.9983
1620596009.541843 1.9202 0.2099 13.7286 0.0000 -0.0549 0.0000 0.9985
1620596009.575176 1.9202 0.2099 13.7286 0.0000 -0.0523 0.0000 0.9986
1620596009.608510 1.9202 0.2099 13.7286 0.0000 -0.0497 0.0000 0.9988
1620596009.641843 1.9202 0.2099 13.7286 0.0000 -0.0471 0.0000 0.9989
1620596009.675176 1.9202 0.2099 13.7286 0.0000 -0.0445 0.0000 0.9990
1620596009.708509 1.9202 0.2099 13.7286 0.0000 -0.0419 0.0000 0.9991
1620596009.741843 1.9202 0.2099 13.7286 0.0000 -0.0392 0.0000 0.9992
1620596009.775176 1.9202 0.2099 13.7286 0.0000 -0.0366 0.0000 0.9993
1620596009.808509 1.9202 0.2099 13.7286 0.0000 -0.0340 0.0000 0.9994
1620596009.841843 1.9202 0.2099 13.7286 0.0000 -0.0314 0.0000 0.9995
1620596009.875176 1.9202 0.2099 13.7286 0.0000 -0.0288 0.0000 0.9996
1620596009.908509 1.9202 0.2099 13.7286 0.0000 -0.0262 0.0000 0.9997
1620596009.941843 1.9202 0.2099 13.7286 0.0000 -0.0235 0.0000 0.9997
1620596009.975176 1.9202 0.2099 13.7286 0.0000 -0.0209 0.0000 0.9998
1620596010.008509 1.9202 0.2099 13.7286 0.0000 -0.0183 0.0000 0.9998
1620596010.041842 1.9213 0.2099 13.6986 0.0000 -0.0183 0.0000 0.9998
1620596010.075176 1.9224 0.2099 13.6687 0.0000 -0.0183 0.0000 0.9998
1620596010.108509 1.9235 0.2099 13.6387 0.0000 -0.0183 0.0000 0.9998
1620596010.141842 1.9246 0.2099 13.6087 0.0000 -0.0183 0.0000 0.9998
1620596010.175176 1.9257 0.2099 13.5787 0.0000 -0.0183 0.0000 0.9998
1620596010.208509 1.9268 0.2099 13.5487 0.0000 -0.0183 0.0000 0.9998
1620596010.241842 1.9279 0.2099 13.5188 0.0000 -0.0183 0.0000 0.9998
1620596010.275176 1.9290 0.2099 13.4888 0.0000 -0.0183 0.0000 0.9998
1620596010.308509 1.9301 0.2099 13.4588 0.0000 -0.0183 0.0000 0.9998
1620596010.341842 1.9312 0.2099 13.4288 0.0000 -0.0183 0.0000 0.9998
1620596010.375175 1.9322 0.2099 13.3988 0.0000 -0.0183 0.0000 0.9998
1620596010.408509 1.9333 0.2099 13.3689 0.0000 -0.0183 0.0000 0.9998
1620596010.441842 1.9344 0.2099 13.3389 0.0000 -0.0183 0.0000 0.9998
1620596010.475175 1.9355 0.2099 13.3089 0.0000 -0.0183 0.0000 0.9998
1620596010.508509 1.9366 0.2099 13.2789 0.0000 -0.0183 0.0000 0.9998
1620596010.541842 1.9377 0.2099 13.2489 0.0000 -0.0183 0.0000 0.9998
1620596010.575175 1.9388 0.2099 13.2190 0.0000 -0.0183 0.0000 0.9998
1620596010.608509 1.9399 0.2099 13.1890 0.0000 -0.0183 0.0000 0.9998
1620596010.641842 1.9410 0.2099 13.1590 0.0000 -0.0183 0.0000 0.9998
1620596010.675175 1.9421 0.2099 13.1290 0.0000 -0.0183 0.0000 0.9998
1620596010.708508 1.9432 0.2099 13.0990 0.0000 -0.0183 0.0000 0.9998
1620596010.741842 1.9443 0.2099 13.0691 0.0000 -0.0183 0.0000 0.9998
1620596010.775175 1.9454 0.2099 13.0391 0.0000 -0.0183 0.0000 0.9998
1620596010.808508 1.9465 0.2099 13.0091 0.0000 -0.0183 0.0000 0.9998
1620596010.841842 1.9476 0.2099 12.9791 0.0000 -0.0183 0.0000 0.9998
1620596010.875175 1.9487 0.2099 12.9491 0.0000 -0.0183 0.0000 0.9998
1620596010.908508 1.9498 0.2099 12.9192 0.0000 -0.0183 0.0000 0.9998
1620596010.941842 1.9509 0.2099 12.8892 0.0000 -0.0183 0.0000 0.9998
1620596010.975175 1.9520 0.2099 12.8592 0.0000 -0.0183 0.0000 0.9998
1620596011.008508 1.9531 0.2099 12.8292 0.0000 -0.0183 0.0000 0.9998
1620596011.041842 1.9542 0.2098 12.7992 0.0000 -0.0183 0.0000 0.9998
1620596011.075175 1.9553 0.2089 12.7693 0.0000 -0.0183 0.0000 0.9998
1620596011.108508 1.9564 0.2080 12.7393 0.0000 -0.0183 0.0000 0.9998
1620596011.141841 1.9575 0.2070 12.7093 0.0000 -0.0183 0.0000 0.9998
1620596011.175175 1.9586 0.2061 12.6793 0.0000 -0.0183 0.0000 0.9998
1620596011.208508 1.9597 0.2052 12.6493 0.0000 -0.0183 0.0000 0.9998
1620596011.241841 1.9608 0.2043 12.6194 0.0000 -0.0183 0.0000 0.9998
1620596011.275175 1.9619 0.2034 12.5894 0.0000 -0.0183 0.0000 0.9998
