# ground truth trajectory
# file: 'rgbd_dataset_freiburg1_xyz.bag'
# timestamp tx ty tz qx qy qz qw
1620709839.778948 0.0000 -0.0000 -0.0000 -0.0000 -0.0000 -0.0000 1.0000
1620709839.812282 0.0000 -0.0018 0.0500 -0.0000 -0.0000 -0.0000 1.0000
1620709839.845615 0.0000 -0.0035 0.1000 -0.0000 -0.0000 -0.0000 1.0000
1620709839.878948 0.0000 -0.0053 0.1500 -0.0000 -0.0000 -0.0000 1.0000
1620709839.912282 0.0000 -0.0053 0.1513 -0.0000 0.0131 -0.0000 0.9999
1620709839.945615 0.0001 -0.0053 0.1526 -0.0000 0.0262 -0.0000 0.9997
1620709839.978948 0.0002 -0.0053 0.1539 -0.0000 0.0393 -0.0000 0.9992
1620709840.012281 0.0003 -0.0053 0.1552 -0.0000 0.0523 -0.0000 0.9986
1620709840.045615 0.0004 -0.0053 0.1565 -0.0000 0.0654 -0.0000 0.9979
1620709840.078948 0.0006 -0.0053 0.1578 -0.0000 0.0785 -0.0000 0.9969
1620709840.112281 0.0008 -0.0053 0.1591 -0.0000 0.0915 -0.0000 0.9958
1620709840.145615 0.0011 -0.0053 0.1604 -0.0000 0.1045 -0.0000 0.9945
1620709840.178948 0.0014 -0.0053 0.1617 -0.0000 0.1175 -0.0000 0.9931
1620709840.212281 0.0017 -0.0053 0.1629 -0.0000 0.1305 -0.0000 0.9914
1620709840.245615 0.0021 -0.0053 0.1642 -0.0000 0.1435 -0.0000 0.9897
1620709840.278948 0.0024 -0.0053 0.1654 -0.0000 0.1564 -0.0000 0.9877
1620709840.312281 0.0029 -0.0053 0.1667 -0.0000 0.1693 -0.0000 0.9856
1620709840.345614 0.0033 -0.0053 0.1679 -0.0000 0.1822 -0.0000 0.9833
1620709840.378948 0.0038 -0.0053 0.1691 -0.0000 0.1951 -0.0000 0.9808
1620709840.412281 0.0043 -0.0053 0.1703 -0.0000 0.2079 -0.0000 0.9781
1620709840.445614 0.0049 -0.0053 0.1715 -0.0000 0.2207 -0.0000 0.9753
1620709840.478948 0.0054 -0.0053 0.1727 -0.0000 0.2334 -0.0000 0.9724
1620709840.512281 0.0061 -0.0053 0.1739 -0.0000 0.2462 -0.0000 0.9692
1620709840.545614 0.0067 -0.0053 0.1750 -0.0000 0.2588 -0.0000 0.9659
1620709840.578948 0.0074 -0.0053 0.1761 -0.0000 0.2714 -0.0000 0.9625
1620709840.612281 0.0081 -0.0053 0.1772 -0.0000 0.2840 -0.0000 0.9588
1620709840.645614 0.0088 -0.0053 0.1783 -0.0000 0.2965 -0.0000 0.9550
1620709840.678947 0.0095 -0.0053 0.1794 -0.0000 0.3090 -0.0000 0.9511
1620709840.712281 0.0103 -0.0053 0.1804 -0.0000 0.3214 -0.0000 0.9469
1620709840.745614 0.0111 -0.0053 0.1815 -0.0000 0.3338 -0.0000 0.9426
1620709840.778947 0.0120 -0.0053 0.1825 -0.0000 0.3461 -0.0000 0.9382
1620709840.812281 0.0128 -0.0053 0.1835 -0.0000 0.3584 -0.0000 0.9336
1620709840.845614 0.0137 -0.0053 0.1844 -0.0000 0.3706 -0.0000 0.9288
1620709840.878947 0.0146 -0.0053 0.1854 -0.0000 0.3827 -0.0000 0.9239
1620709840.912281 0.0156 -0.0053 0.1863 -0.0000 0.3947 -0.0000 0.9188
1620709840.945614 0.0165 -0.0053 0.1872 -0.0000 0.4067 -0.0000 0.9135
1620709840.978947 0.0175 -0.0053 0.1880 -0.0000 0.4187 -0.0000 0.9081
1620709841.012280 0.0185 -0.0053 0.1889 -0.0000 0.4305 -0.0000 0.9026
1620709841.045614 0.0196 -0.0053 0.1897 -0.0000 0.4423 -0.0000 0.8969
1620709841.078947 0.0206 -0.0053 0.1904 -0.0000 0.4540 -0.0000 0.8910
1620709841.112280 0.0217 -0.0053 0.1912 -0.0000 0.4656 -0.0000 0.8850
1620709841.145614 0.0228 -0.0053 0.1919 -0.0000 0.4772 -0.0000 0.8788
1620709841.178947 0.0239 -0.0053 0.1926 -0.0000 0.4886 -0.0000 0.8725
1620709841.212280 0.0250 -0.0053 0.1933 -0.0000 0.5000 -0.0000 0.8660
1620709841.245614 0.0261 -0.0053 0.1939 -0.0000 0.5113 -0.0000 0.8594
1620709841.278947 0.0273 -0.0053 0.1945 -0.0000 0.5225 -0.0000 0.8526
1620709841.312280 0.0285 -0.0053 0.1951 -0.0000 0.5336 -0.0000 0.8457
1620709841.345613 0.0297 -0.0053 0.1957 -0.0000 0.5446 -0.0000 0.8387
1620709841.378947 0.0309 -0.0053 0.1962 -0.0000 0.5556 -0.0000 0.8315
1620709841.412280 0.0321 -0.0053 0.1967 -0.0000 0.5664 -0.0000 0.8241
1620709841.445613 0.0333 -0.0053 0.1971 -0.0000 0.5771 -0.0000 0.8166
1620709841.478947 0.0345 -0.0053 0.1976 -0.0000 0.5878 -0.0000 0.8090
1620709841.512280 0.0358 -0.0053 0.1979 -0.0000 0.5983 -0.0000 0.8013
1620709841.545613 0.0371 -0.0053 0.1983 -0.0000 0.6088 -0.0000 0.7934
1620709841.578947 0.0383 -0.0053 0.1986 -0.0000 0.6191 -0.0000 0.7853
1620709841.612280 0.0396 -0.0053 0.1989 -0.0000 0.6293 -0.0000 0.7771
1620709841.645613 0.0409 -0.0053 0.1992 -0.0000 0.6394 -0.0000 0.7688
1620709841.678946 0.0422 -0.0053 0.1994 -0.0000 0.6494 -0.0000 0.7604
1620709841.712280 0.0435 -0.0053 0.1996 -0.0000 0.6593 -0.0000 0.7518
1620709841.745613 0.0448 -0.0053 0.1997 -0.0000 0.6691 -0.0000 0.7431
1620709841.778946 0.0461 -0.0053 0.1998 -0.0000 0.6788 -0.0000 0.7343
1620709841.812280 0.0959 -0.0017 0.2038 -0.0000 0.6788 -0.0000 0.7343
1620709841.845613 0.1458 0.0019 0.2077 -0.0000 0.6788 -0.0000 0.7343
1620709841.878946 0.1956 0.0035 0.2116 -0.0000 0.6788 -0.0000 0.7343
1620709841.912280 0.2455 0.0034 0.2155 -0.0000 0.6788 -0.0000 0.7343
1620709841.945613 0.2953 0.0034 0.2195 -0.0000 0.6788 -0.0000 0.7343
1620709841.978946 0.3452 0.0034 0.2234 -0.0000 0.6788 -0.0000 0.7343
1620709842.012280 0.3950 0.0034 0.2273 -0.0000 0.6788 -0.0000 0.7343
1620709842.045613 0.4448 0.0033 0.2312 -0.0000 0.6788 -0.0000 0.7343
1620709842.078946 0.4947 0.0033 0.2352 -0.0000 0.6788 -0.0000 0.7343
1620709842.112279 0.5445 0.0033 0.2391 -0.0000 0.6788 -0.0000 0.7343
1620709842.145613 0.5944 0.0030 0.2430 -0.0000 0.6788 -0.0000 0.7343
1620709842.178946 0.6442 0.0027 0.2469 -0.0000 0.6788 -0.0000 0.7343
1620709842.212279 0.6941 0.0023 0.2508 -0.0000 0.6788 -0.0000 0.7343
1620709842.245613 0.7439 0.0019 0.2548 -0.0000 0.6788 -0.0000 0.7343
1620709842.278946 0.7938 0.0015 0.2587 -0.0000 0.6788 -0.0000 0.7343
1620709842.312279 0.8436 0.0012 0.2626 -0.0000 0.6788 -0.0000 0.7343
1620709842.345613 0.8935 0.0008 0.2665 -0.0000 0.6788 -0.0000 0.7343
1620709842.378946 0.9433 0.0004 0.2705 -0.0000 0.6788 -0.0000 0.7343
1620709842.412279 0.9931 0.0001 0.2744 -0.0000 0.6788 -0.0000 0.7343
1620709842.445612 1.0430 -0.0003 0.2783 -0.0000 0.6788 -0.0000 0.7343
1620709842.478946 1.0928 -0.0007 0.2822 -0.0000 0.6788 -0.0000 0.7343
1620709842.512279 1.1427 -0.0011 0.2862 -0.0000 0.6788 -0.0000 0.7343
1620709842.545612 1.1925 -0.0014 0.2901 -0.0000 0.6788 -0.0000 0.7343
1620709842.578946 1.2424 -0.0018 0.2940 -0.0000 0.6788 -0.0000 0.7343
1620709842.612279 1.2922 -0.0022 0.2979 -0.0000 0.6788 -0.0000 0.7343
1620709842.645612 1.3421 -0.0040 0.3019 -0.0000 0.6788 -0.0000 0.7343
1620709842.678946 1.3919 -0.0091 0.3058 -0.0000 0.6788 -0.0000 0.7343
1620709842.712279 1.4418 -0.0142 0.3097 -0.0000 0.6788 -0.0000 0.7343
1620709842.745612 1.4916 -0.0194 0.3136 -0.0000 0.6788 -0.0000 0.7343
1620709842.778945 1.5415 -0.0245 0.3175 -0.0000 0.6788 -0.0000 0.7343
1620709842.812279 1.5913 -0.0297 0.3215 -0.0000 0.6788 -0.0000 0.7343
1620709842.845612 1.6411 -0.0348 0.3254 -0.0000 0.6788 -0.0000 0.7343
1620709842.878945 1.6910 -0.0399 0.3293 -0.0000 0.6788 -0.0000 0.7343
1620709842.912279 1.7408 -0.0451 0.3332 -0.0000 0.6788 -0.0000 0.7343
1620709842.945612 1.7907 -0.0502 0.3372 -0.0000 0.6788 -0.0000 0.7343
1620709842.978945 1.8405 -0.0553 0.3411 -0.0000 0.6788 -0.0000 0.7343
1620709843.012279 1.8904 -0.0605 0.3450 -0.0000 0.6788 -0.0000 0.7343
1620709843.045612 1.9402 -0.0656 0.3489 -0.0000 0.6788 -0.0000 0.7343
1620709843.078945 1.9901 -0.0707 0.3529 -0.0000 0.6788 -0.0000 0.7343
1620709843.112278 2.0399 -0.0759 0.3568 -0.0000 0.6788 -0.0000 0.7343
1620709843.145612 2.0898 -0.0810 0.3607 -0.0000 0.6788 -0.0000 0.7343
1620709843.178945 2.1396 -0.0861 0.3646 -0.0000 0.6788 -0.0000 0.7343
1620709843.212278 2.1894 -0.0913 0.3686 -0.0000 0.6788 -0.0000 0.7343
1620709843.245612 2.2393 -0.0964 0.3725 -0.0000 0.6788 -0.0000 0.7343
1620709843.278945 2.2891 -0.0981 0.3764 -0.0000 0.6788 -0.0000 0.7343
1620709843.312278 2.3390 -0.0959 0.3803 -0.0000 0.6788 -0.0000 0.7343
1620709843.345612 2.3888 -0.0937 0.3842 -0.0000 0.6788 -0.0000 0.7343
1620709843.378945 2.4387 -0.0916 0.3882 -0.0000 0.6788 -0.0000 0.7343
1620709843.412278 2.4885 -0.0894 0.3921 -0.0000 0.6788 -0.0000 0.7343
1620709843.445611 2.5384 -0.0872 0.3960 -0.0000 0.6788 -0.0000 0.7343
1620709843.478945 2.5882 -0.0850 0.3999 -0.0000 0.6788 -0.0000 0.7343
1620709843.512278 2.6381 -0.0829 0.4039 -0.0000 0.6788 -0.0000 0.7343
1620709843.545611 2.6879 -0.0807 0.4078 -0.0000 0.6788 -0.0000 0.7343
1620709843.578945 2.7378 -0.0785 0.4117 -0.0000 0.6788 -0.0000 0.7343
1620709843.612278 2.7876 -0.0764 0.4156 -0.0000 0.6788 -0.0000 0.7343
1620709843.645611 2.8374 -0.0742 0.4196 -0.0000 0.6788 -0.0000 0.7343
1620709843.678945 2.8873 -0.0720 0.4235 -0.0000 0.6788 -0.0000 0.7343
1620709843.712278 2.9371 -0.0698 0.4274 -0.0000 0.6788 -0.0000 0.7343
1620709843.745611 2.9870 -0.0677 0.4313 -0.0000 0.6788 -0.0000 0.7343
1620709843.778944 3.0368 -0.0655 0.4352 -0.0000 0.6788 -0.0000 0.7343
1620709843.812278 3.0867 -0.0633 0.4392 -0.0000 0.6788 -0.0000 0.7343
1620709843.845611 3.1365 -0.0612 0.4431 -0.0000 0.6788 -0.0000 0.7343
1620709843.878944 3.1864 -0.0590 0.4470 -0.0000 0.6788 -0.0000 0.7343
1620709843.912278 3.2362 -0.0568 0.4509 -0.0000 0.6788 -0.0000 0.7343
1620709843.945611 3.2861 -0.0547 0.4549 -0.0000 0.6788 -0.0000 0.7343
1620709843.978944 3.3359 -0.0525 0.4588 -0.0000 0.6788 -0.0000 0.7343
1620709844.012278 3.3857 -0.0503 0.4627 -0.0000 0.6788 -0.0000 0.7343
1620709844.045611 3.4356 -0.0481 0.4666 -0.0000 0.6788 -0.0000 0.7343
1620709844.078944 3.4854 -0.0460 0.4706 -0.0000 0.6788 -0.0000 0.7343
1620709844.112278 3.5353 -0.0438 0.4745 -0.0000 0.6788 -0.0000 0.7343
1620709844.145611 3.5851 -0.0416 0.4784 -0.0000 0.6788 -0.0000 0.7343
1620709844.178944 3.6350 -0.0395 0.4823 -0.0000 0.6788 -0.0000 0.7343
1620709844.212277 3.6848 -0.0373 0.4863 -0.0000 0.6788 -0.0000 0.7343
1620709844.245611 3.7347 -0.0351 0.4902 -0.0000 0.6788 -0.0000 0.7343
1620709844.278944 3.7845 -0.0329 0.4941 -0.0000 0.6788 -0.0000 0.7343
1620709844.312277 3.8344 -0.0308 0.4980 -0.0000 0.6788 -0.0000 0.7343
1620709844.345611 3.8842 -0.0286 0.5019 -0.0000 0.6788 -0.0000 0.7343
1620709844.378944 3.8829 -0.0286 0.5018 -0.0000 0.6691 -0.0000 0.7431
1620709844.412277 3.8816 -0.0286 0.5017 -0.0000 0.6593 -0.0000 0.7518
1620709844.445611 3.8803 -0.0286 0.5015 -0.0000 0.6494 -0.0000 0.7604
1620709844.478944 3.8790 -0.0286 0.5013 -0.0000 0.6394 -0.0000 0.7688
1620709844.512277 3.8777 -0.0286 0.5010 -0.0000 0.6293 -0.0000 0.7771
1620709844.545610 3.8765 -0.0286 0.5007 -0.0000 0.6191 -0.0000 0.7853
1620709844.578944 3.8752 -0.0286 0.5004 -0.0000 0.6088 -0.0000 0.7934
1620709844.612277 3.8739 -0.0286 0.5000 -0.0000 0.5983 -0.0000 0.8013
1620709844.645610 3.8727 -0.0286 0.4997 -0.0000 0.5878 -0.0000 0.8090
1620709844.678944 3.8714 -0.0286 0.4992 -0.0000 0.5771 -0.0000 0.8166
1620709844.712277 3.8702 -0.0286 0.4988 -0.0000 0.5664 -0.0000 0.8241
1620709844.745610 3.8690 -0.0286 0.4983 -0.0000 0.5556 -0.0000 0.8315
1620709844.778944 3.8678 -0.0286 0.4978 -0.0000 0.5446 -0.0000 0.8387
1620709844.812277 3.8666 -0.0286 0.4972 -0.0000 0.5336 -0.0000 0.8457
1620709844.845610 3.8654 -0.0286 0.4967 -0.0000 0.5225 -0.0000 0.8526
1620709844.878943 3.8643 -0.0286 0.4960 -0.0000 0.5113 -0.0000 0.8594
1620709844.912277 3.8631 -0.0286 0.4954 -0.0000 0.5000 -0.0000 0.8660
1620709844.945610 3.8620 -0.0286 0.4947 -0.0000 0.4886 -0.0000 0.8725
1620709844.978943 3.8609 -0.0286 0.4940 -0.0000 0.4772 -0.0000 0.8788
1620709845.012277 3.8598 -0.0286 0.4933 -0.0000 0.4656 -0.0000 0.8850
1620709845.045610 3.8587 -0.0286 0.4926 -0.0000 0.4540 -0.0000 0.8910
1620709845.078943 3.8577 -0.0286 0.4918 -0.0000 0.4423 -0.0000 0.8969
1620709845.112277 3.8567 -0.0286 0.4910 -0.0000 0.4305 -0.0000 0.9026
1620709845.145610 3.8557 -0.0286 0.4901 -0.0000 0.4187 -0.0000 0.9081
1620709845.178943 3.8547 -0.0286 0.4893 -0.0000 0.4067 -0.0000 0.9135
1620709845.212276 3.8537 -0.0286 0.4884 -0.0000 0.3947 -0.0000 0.9188
1620709845.245610 3.8528 -0.0286 0.4875 -0.0000 0.3827 -0.0000 0.9239
1620709845.278943 3.8519 -0.0286 0.4865 -0.0000 0.3706 -0.0000 0.9288
1620709845.312276 3.8510 -0.0286 0.4856 -0.0000 0.3584 -0.0000 0.9336
1620709845.345610 3.8501 -0.0286 0.4846 -0.0000 0.3461 -0.0000 0.9382
1620709845.378943 3.8493 -0.0286 0.4836 -0.0000 0.3338 -0.0000 0.9426
1620709845.412276 3.8485 -0.0286 0.4825 -0.0000 0.3214 -0.0000 0.9469
1620709845.445610 3.8477 -0.0286 0.4815 -0.0000 0.3090 -0.0000 0.9511
1620709845.478943 3.8469 -0.0286 0.4804 -0.0000 0.2965 -0.0000 0.9550
1620709845.512276 3.8462 -0.0286 0.4793 -0.0000 0.2840 -0.0000 0.9588
1620709845.545609 3.8455 -0.0286 0.4782 -0.0000 0.2714 -0.0000 0.9625
1620709845.578943 3.8448 -0.0286 0.4771 -0.0000 0.2588 -0.0000 0.9659
1620709845.612276 3.8442 -0.0286 0.4760 -0.0000 0.2462 -0.0000 0.9692
1620709845.645609 3.8436 -0.0286 0.4748 -0.0000 0.2334 -0.0000 0.9724
1620709845.678943 3.8430 -0.0286 0.4736 -0.0000 0.2207 -0.0000 0.9753
1620709845.712276 3.8425 -0.0286 0.4724 -0.0000 0.2079 -0.0000 0.9781
1620709845.745609 3.8419 -0.0286 0.4712 -0.0000 0.1951 -0.0000 0.9808
1620709845.778943 3.8415 -0.0286 0.4700 -0.0000 0.1822 -0.0000 0.9833
1620709845.812276 3.8410 -0.0286 0.4688 -0.0000 0.1693 -0.0000 0.9856
1620709845.845609 3.8406 -0.0286 0.4676 -0.0000 0.1564 -0.0000 0.9877
1620709845.878942 3.8402 -0.0286 0.4663 -0.0000 0.1435 -0.0000 0.9897
1620709845.912276 3.8398 -0.0286 0.4650 -0.0000 0.1305 -0.0000 0.9914
1620709845.945609 3.8528 -0.0275 0.5133 -0.0000 0.1305 -0.0000 0.9914
1620709845.978942 3.8657 -0.0264 0.5616 -0.0000 0.1305 -0.0000 0.9914
1620709846.012276 3.8787 -0.0253 0.6099 -0.0000 0.1305 -0.0000 0.9914
1620709846.045609 3.8916 -0.0242 0.6582 -0.0000 0.1305 -0.0000 0.9914
1620709846.078942 3.9045 -0.0231 0.7065 -0.0000 0.1305 -0.0000 0.9914
1620709846.112276 3.9175 -0.0220 0.7548 -0.0000 0.1305 -0.0000 0.9914
1620709846.145609 3.9304 -0.0209 0.8031 -0.0000 0.1305 -0.0000 0.9914
1620709846.178942 3.9434 -0.0198 0.8514 -0.0000 0.1305 -0.0000 0.9914
1620709846.212276 3.9563 -0.0187 0.8997 -0.0000 0.1305 -0.0000 0.9914
1620709846.245609 3.9692 -0.0176 0.9480 -0.0000 0.1305 -0.0000 0.9914
1620709846.278942 3.9822 -0.0165 0.9963 -0.0000 0.1305 -0.0000 0.9914
1620709846.312275 3.9951 -0.0154 1.0446 -0.0000 0.1305 -0.0000 0.9914
1620709846.345609 4.0081 -0.0144 1.0929 -0.0000 0.1305 -0.0000 0.9914
1620709846.378942 4.0210 -0.0133 1.1412 -0.0000 0.1305 -0.0000 0.9914
1620709846.412275 4.0339 -0.0122 1.1895 -0.0000 0.1305 -0.0000 0.9914
1620709846.445609 4.0469 -0.0111 1.2378 -0.0000 0.1305 -0.0000 0.9914
1620709846.478942 4.0598 -0.0100 1.2861 -0.0000 0.1305 -0.0000 0.9914
1620709846.512275 4.0728 -0.0089 1.3344 -0.0000 0.1305 -0.0000 0.9914
1620709846.545609 4.0857 -0.0078 1.3827 -0.0000 0.1305 -0.0000 0.9914
1620709846.578942 4.0987 -0.0067 1.4310 -0.0000 0.1305 -0.0000 0.9914
1620709846.612275 4.0983 -0.0067 1.4297 -0.0000 0.1175 -0.0000 0.9931
1620709846.645608 4.0980 -0.0067 1.4284 -0.0000 0.1045 -0.0000 0.9945
1620709846.678942 4.0978 -0.0067 1.4271 -0.0000 0.0915 -0.0000 0.9958
1620709846.712275 4.0976 -0.0067 1.4258 -0.0000 0.0785 -0.0000 0.9969
1620709846.745608 4.1054 -0.0058 1.4752 -0.0000 0.0785 -0.0000 0.9969
1620709846.778942 4.1132 -0.0049 1.5246 -0.0000 0.0785 -0.0000 0.9969
1620709846.812275 4.1210 -0.0040 1.5740 -0.0000 0.0785 -0.0000 0.9969
1620709846.845608 4.1289 -0.0031 1.6234 -0.0000 0.0785 -0.0000 0.9969
1620709846.878942 4.1367 -0.0022 1.6728 -0.0000 0.0785 -0.0000 0.9969
1620709846.912275 4.1365 -0.0022 1.6715 -0.0000 0.0654 -0.0000 0.9979
1620709846.945608 4.1363 -0.0022 1.6702 -0.0000 0.0523 -0.0000 0.9986
1620709846.978941 4.1362 -0.0022 1.6689 -0.0000 0.0393 -0.0000 0.9992
1620709847.012275 4.1401 -0.0015 1.7187 -0.0000 0.0393 -0.0000 0.9992
1620709847.045608 4.1441 -0.0008 1.7686 -0.0000 0.0393 -0.0000 0.9992
1620709847.078941 4.1480 -0.0000 1.8184 -0.0000 0.0393 -0.0000 0.9992
1620709847.112275 4.1519 0.0007 1.8683 -0.0000 0.0393 -0.0000 0.9992
1620709847.145608 4.1558 0.0014 1.9181 -0.0000 0.0393 -0.0000 0.9992
1620709847.178941 4.1597 0.0022 1.9679 -0.0000 0.0393 -0.0000 0.9992
1620709847.212275 4.1637 0.0029 2.0178 -0.0000 0.0393 -0.0000 0.9992
1620709847.245608 4.1676 0.0036 2.0676 -0.0000 0.0393 -0.0000 0.9992
1620709847.278941 4.1715 0.0027 2.1175 -0.0000 0.0393 -0.0000 0.9992
1620709847.312274 4.1754 -0.0012 2.1673 -0.0000 0.0393 -0.0000 0.9992
1620709847.345608 4.1794 -0.0052 2.2172 -0.0000 0.0393 -0.0000 0.9992
1620709847.378941 4.1833 -0.0092 2.2670 -0.0000 0.0393 -0.0000 0.9992
1620709847.412274 4.1872 -0.0131 2.3169 -0.0000 0.0393 -0.0000 0.9992
1620709847.445608 4.1911 -0.0171 2.3667 -0.0000 0.0393 -0.0000 0.9992
1620709847.478941 4.1951 -0.0210 2.4166 -0.0000 0.0393 -0.0000 0.9992
1620709847.512274 4.1990 -0.0250 2.4664 -0.0000 0.0393 -0.0000 0.9992
1620709847.545608 4.2029 -0.0289 2.5163 -0.0000 0.0393 -0.0000 0.9992
1620709847.578941 4.2068 -0.0329 2.5661 -0.0000 0.0393 -0.0000 0.9992
1620709847.612274 4.2107 -0.0368 2.6160 -0.0000 0.0393 -0.0000 0.9992
1620709847.645607 4.2147 -0.0408 2.6658 -0.0000 0.0393 -0.0000 0.9992
1620709847.678941 4.2186 -0.0448 2.7156 -0.0000 0.0393 -0.0000 0.9992
1620709847.712274 4.2225 -0.0487 2.7655 -0.0000 0.0393 -0.0000 0.9992
1620709847.745607 4.2264 -0.0527 2.8153 -0.0000 0.0393 -0.0000 0.9992
1620709847.778941 4.2304 -0.0566 2.8652 -0.0000 0.0393 -0.0000 0.9992
1620709847.812274 4.2343 -0.0606 2.9150 -0.0000 0.0393 -0.0000 0.9992
1620709847.845607 4.2382 -0.0645 2.9649 -0.0000 0.0393 -0.0000 0.9992
1620709847.878941 4.2421 -0.0685 3.0147 -0.0000 0.0393 -0.0000 0.9992
1620709847.912274 4.2461 -0.0725 3.0646 -0.0000 0.0393 -0.0000 0.9992
1620709847.945607 4.2500 -0.0764 3.1144 -0.0000 0.0393 -0.0000 0.9992
1620709847.978940 4.2539 -0.0804 3.1643 -0.0000 0.0393 -0.0000 0.9992
1620709848.012274 4.2578 -0.0843 3.2141 -0.0000 0.0393 -0.0000 0.9992
1620709848.045607 4.2617 -0.0883 3.2640 -0.0000 0.0393 -0.0000 0.9992
1620709848.078940 4.2657 -0.0922 3.3138 -0.0000 0.0393 -0.0000 0.9992
1620709848.112274 4.2696 -0.0962 3.3637 -0.0000 0.0393 -0.0000 0.9992
1620709848.145607 4.2735 -0.0991 3.4135 -0.0000 0.0393 -0.0000 0.9992
1620709848.178940 4.2774 -0.0991 3.4633 -0.0000 0.0393 -0.0000 0.9992
1620709848.212274 4.2814 -0.0991 3.5132 -0.0000 0.0393 -0.0000 0.9992
1620709848.245607 4.2853 -0.0991 3.5630 -0.0000 0.0393 -0.0000 0.9992
1620709848.278940 4.2892 -0.0991 3.6129 -0.0000 0.0393 -0.0000 0.9992
1620709848.312274 4.2931 -0.0991 3.6627 -0.0000 0.0393 -0.0000 0.9992
1620709848.345607 4.2971 -0.0991 3.7126 -0.0000 0.0393 -0.0000 0.9992
1620709848.378940 4.3010 -0.0991 3.7624 -0.0000 0.0393 -0.0000 0.9992
1620709848.412273 4.3049 -0.0991 3.8123 -0.0000 0.0393 -0.0000 0.9992
1620709848.445607 4.3088 -0.0991 3.8621 -0.0000 0.0393 -0.0000 0.9992
1620709848.478940 4.3127 -0.0991 3.9120 -0.0000 0.0393 -0.0000 0.9992
1620709848.512273 4.3167 -0.0991 3.9618 -0.0000 0.0393 -0.0000 0.9992
1620709848.545607 4.3206 -0.0991 4.0116 -0.0000 0.0393 -0.0000 0.9992
1620709848.578940 4.3245 -0.0991 4.0615 -0.0000 0.0393 -0.0000 0.9992
1620709848.612273 4.3284 -0.0991 4.1113 -0.0000 0.0393 -0.0000 0.9992
1620709848.645607 4.3324 -0.0991 4.1612 -0.0000 0.0393 -0.0000 0.9992
1620709848.678940 4.3363 -0.0991 4.2110 -0.0000 0.0393 -0.0000 0.9992
1620709848.712273 4.3402 -0.0991 4.2609 -0.0000 0.0393 -0.0000 0.9992
1620709848.745606 4.3441 -0.0991 4.3107 -0.0000 0.0393 -0.0000 0.9992
1620709848.778940 4.3480 -0.0991 4.3606 -0.0000 0.0393 -0.0000 0.9992
1620709848.812273 4.3520 -0.0991 4.4104 -0.0000 0.0393 -0.0000 0.9992
1620709848.845606 4.3559 -0.0991 4.4603 -0.0000 0.0393 -0.0000 0.9992
1620709848.878940 4.3598 -0.0991 4.5101 -0.0000 0.0393 -0.0000 0.9992
1620709848.912273 4.3637 -0.0991 4.5599 -0.0000 0.0393 -0.0000 0.9992
1620709848.945606 4.3677 -0.0991 4.6098 -0.0000 0.0393 -0.0000 0.9992
1620709848.978940 4.3716 -0.0991 4.6596 -0.0000 0.0393 -0.0000 0.9992
1620709849.012273 4.3755 -0.0991 4.7095 -0.0000 0.0393 -0.0000 0.9992
1620709849.045606 4.3794 -0.0991 4.7593 -0.0000 0.0393 -0.0000 0.9992
1620709849.078939 4.3834 -0.0991 4.8092 -0.0000 0.0393 -0.0000 0.9992
1620709849.112273 4.3873 -0.0991 4.8590 -0.0000 0.0393 -0.0000 0.9992
1620709849.145606 4.3912 -0.0991 4.9089 -0.0000 0.0393 -0.0000 0.9992
1620709849.178939 4.3951 -0.0991 4.9587 -0.0000 0.0393 -0.0000 0.9992
1620709849.212273 4.3990 -0.0991 5.0086 -0.0000 0.0393 -0.0000 0.9992
1620709849.245606 4.4030 -0.0991 5.0584 -0.0000 0.0393 -0.0000 0.9992
1620709849.278939 4.4069 -0.0991 5.1083 -0.0000 0.0393 -0.0000 0.9992
1620709849.312273 4.4108 -0.0991 5.1581 -0.0000 0.0393 -0.0000 0.9992
1620709849.345606 4.4147 -0.0991 5.2079 -0.0000 0.0393 -0.0000 0.9992
1620709849.378939 4.4187 -0.0991 5.2578 -0.0000 0.0393 -0.0000 0.9992
1620709849.412272 4.4226 -0.0991 5.3076 -0.0000 0.0393 -0.0000 0.9992
1620709849.445606 4.4265 -0.0991 5.3575 -0.0000 0.0393 -0.0000 0.9992
1620709849.478939 4.4304 -0.0991 5.4073 -0.0000 0.0393 -0.0000 0.9992
1620709849.512272 4.4344 -0.0991 5.4572 -0.0000 0.0393 -0.0000 0.9992
1620709849.545606 4.4383 -0.0991 5.5070 -0.0000 0.0393 -0.0000 0.9992
1620709849.578939 4.4422 -0.0991 5.5569 -0.0000 0.0393 -0.0000 0.9992
1620709849.612272 4.4461 -0.0991 5.6067 -0.0000 0.0393 -0.0000 0.9992
1620709849.645606 4.4500 -0.0991 5.6566 -0.0000 0.0393 -0.0000 0.9992
1620709849.678939 4.4540 -0.0991 5.7064 -0.0000 0.0393 -0.0000 0.9992
1620709849.712272 4.4579 -0.0991 5.7562 -0.0000 0.0393 -0.0000 0.9992
1620709849.745605 4.4618 -0.0991 5.8061 -0.0000 0.0393 -0.0000 0.9992
1620709849.778939 4.4657 -0.0991 5.8559 -0.0000 0.0393 -0.0000 0.9992
1620709849.812272 4.4697 -0.0991 5.9058 -0.0000 0.0393 -0.0000 0.9992
1620709849.845605 4.4736 -0.0991 5.9556 -0.0000 0.0393 -0.0000 0.9992
1620709849.878939 4.4775 -0.0991 6.0055 -0.0000 0.0393 -0.0000 0.9992
1620709849.912272 4.4814 -0.0991 6.0553 -0.0000 0.0393 -0.0000 0.9992
1620709849.945605 4.4854 -0.0991 6.1052 -0.0000 0.0393 -0.0000 0.9992
1620709849.978939 4.4893 -0.0991 6.1550 -0.0000 0.0393 -0.0000 0.9992
1620709850.012272 4.4932 -0.0991 6.2049 -0.0000 0.0393 -0.0000 0.9992
1620709850.045605 4.4971 -0.0991 6.2547 -0.0000 0.0393 -0.0000 0.9992
1620709850.078938 4.5010 -0.0991 6.3045 -0.0000 0.0393 -0.0000 0.9992
1620709850.112272 4.5050 -0.0991 6.3544 -0.0000 0.0393 -0.0000 0.9992
1620709850.145605 4.5089 -0.0991 6.4042 -0.0000 0.0393 -0.0000 0.9992
1620709850.178938 4.5128 -0.0980 6.4541 -0.0000 0.0393 -0.0000 0.9992
1620709850.212272 4.5167 -0.0964 6.5039 -0.0000 0.0393 -0.0000 0.9992
1620709850.245605 4.5207 -0.0949 6.5538 -0.0000 0.0393 -0.0000 0.9992
1620709850.278938 4.5246 -0.0934 6.6036 -0.0000 0.0393 -0.0000 0.9992
1620709850.312272 4.5285 -0.0919 6.6535 -0.0000 0.0393 -0.0000 0.9992
1620709850.345605 4.5324 -0.0904 6.7033 -0.0000 0.0393 -0.0000 0.9992
1620709850.378938 4.5364 -0.0888 6.7532 -0.0000 0.0393 -0.0000 0.9992
1620709850.412271 4.5403 -0.0873 6.8030 -0.0000 0.0393 -0.0000 0.9992
1620709850.445605 4.5442 -0.0858 6.8529 -0.0000 0.0393 -0.0000 0.9992
1620709850.478938 4.5481 -0.0843 6.9027 -0.0000 0.0393 -0.0000 0.9992
1620709850.512271 4.5520 -0.0828 6.9525 -0.0000 0.0393 -0.0000 0.9992
1620709850.545605 4.5560 -0.0812 7.0024 -0.0000 0.0393 -0.0000 0.9992
1620709850.578938 4.5599 -0.0797 7.0522 -0.0000 0.0393 -0.0000 0.9992
1620709850.612271 4.5638 -0.0782 7.1021 -0.0000 0.0393 -0.0000 0.9992
1620709850.645605 4.5677 -0.0767 7.1519 -0.0000 0.0393 -0.0000 0.9992
1620709850.678938 4.5717 -0.0752 7.2018 -0.0000 0.0393 -0.0000 0.9992
1620709850.712271 4.5756 -0.0736 7.2516 -0.0000 0.0393 -0.0000 0.9992
1620709850.745605 4.5795 -0.0721 7.3015 -0.0000 0.0393 -0.0000 0.9992
1620709850.778938 4.5834 -0.0706 7.3513 -0.0000 0.0393 -0.0000 0.9992
1620709850.812271 4.5873 -0.0691 7.4012 -0.0000 0.0393 -0.0000 0.9992
1620709850.845604 4.5913 -0.0676 7.4510 -0.0000 0.0393 -0.0000 0.9992
1620709850.878938 4.5952 -0.0660 7.5008 -0.0000 0.0393 -0.0000 0.9992
1620709850.912271 4.5991 -0.0645 7.5507 -0.0000 0.0393 -0.0000 0.9992
1620709850.945604 4.6030 -0.0630 7.6005 -0.0000 0.0393 -0.0000 0.9992
1620709850.978938 4.6070 -0.0615 7.6504 -0.0000 0.0393 -0.0000 0.9992
1620709851.012271 4.6109 -0.0599 7.7002 -0.0000 0.0393 -0.0000 0.9992
1620709851.045604 4.6148 -0.0584 7.7501 -0.0000 0.0393 -0.0000 0.9992
1620709851.078938 4.6187 -0.0569 7.7999 -0.0000 0.0393 -0.0000 0.9992
1620709851.112271 4.6227 -0.0554 7.8498 -0.0000 0.0393 -0.0000 0.9992
1620709851.145604 4.6266 -0.0539 7.8996 -0.0000 0.0393 -0.0000 0.9992
1620709851.178937 4.6305 -0.0523 7.9495 -0.0000 0.0393 -0.0000 0.9992
1620709851.212271 4.6344 -0.0508 7.9993 -0.0000 0.0393 -0.0000 0.9992
1620709851.245604 4.6383 -0.0493 8.0491 -0.0000 0.0393 -0.0000 0.9992
1620709851.278937 4.6423 -0.0478 8.0990 -0.0000 0.0393 -0.0000 0.9992
1620709851.312271 4.6462 -0.0463 8.1488 -0.0000 0.0393 -0.0000 0.9992
1620709851.345604 4.6501 -0.0447 8.1987 -0.0000 0.0393 -0.0000 0.9992
1620709851.378937 4.6540 -0.0432 8.2485 -0.0000 0.0393 -0.0000 0.9992
1620709851.412271 4.6580 -0.0417 8.2984 -0.0000 0.0393 -0.0000 0.9992
1620709851.445604 4.6619 -0.0402 8.3482 -0.0000 0.0393 -0.0000 0.9992
1620709851.478937 4.6658 -0.0387 8.3981 -0.0000 0.0393 -0.0000 0.9992
1620709851.512270 4.6697 -0.0371 8.4479 -0.0000 0.0393 -0.0000 0.9992
1620709851.545604 4.6737 -0.0356 8.4978 -0.0000 0.0393 -0.0000 0.9992
1620709851.578937 4.6776 -0.0341 8.5476 -0.0000 0.0393 -0.0000 0.9992
1620709851.612270 4.6815 -0.0326 8.5974 -0.0000 0.0393 -0.0000 0.9992
1620709851.645604 4.6854 -0.0311 8.6473 -0.0000 0.0393 -0.0000 0.9992
1620709851.678937 4.6893 -0.0295 8.6971 -0.0000 0.0393 -0.0000 0.9992
1620709851.712270 4.6933 -0.0280 8.7470 -0.0000 0.0393 -0.0000 0.9992
1620709851.745604 4.6972 -0.0273 8.7968 -0.0000 0.0393 -0.0000 0.9992
1620709851.778937 4.7011 -0.0268 8.8467 -0.0000 0.0393 -0.0000 0.9992
1620709851.812270 4.7050 -0.0264 8.8965 -0.0000 0.0393 -0.0000 0.9992
1620709851.845603 4.7090 -0.0259 8.9464 -0.0000 0.0393 -0.0000 0.9992
1620709851.878937 4.7129 -0.0255 8.9962 -0.0000 0.0393 -0.0000 0.9992
1620709851.912270 4.7168 -0.0250 9.0461 -0.0000 0.0393 -0.0000 0.9992
1620709851.945603 4.7207 -0.0246 9.0959 -0.0000 0.0393 -0.0000 0.9992
1620709851.978937 4.7247 -0.0241 9.1458 -0.0000 0.0393 -0.0000 0.9992
1620709852.012270 4.7286 -0.0237 9.1956 -0.0000 0.0393 -0.0000 0.9992
1620709852.045603 4.7325 -0.0232 9.2454 -0.0000 0.0393 -0.0000 0.9992
1620709852.078937 4.7364 -0.0228 9.2953 -0.0000 0.0393 -0.0000 0.9992
1620709852.112270 4.7403 -0.0223 9.3451 -0.0000 0.0393 -0.0000 0.9992
1620709852.145603 4.7443 -0.0219 9.3950 -0.0000 0.0393 -0.0000 0.9992
1620709852.178936 4.7482 -0.0214 9.4448 -0.0000 0.0393 -0.0000 0.9992
1620709852.212270 4.7521 -0.0210 9.4947 -0.0000 0.0393 -0.0000 0.9992
1620709852.245603 4.7560 -0.0205 9.5445 -0.0000 0.0393 -0.0000 0.9992
1620709852.278936 4.7559 -0.0205 9.5432 -0.0000 0.0262 -0.0000 0.9997
1620709852.312270 4.7559 -0.0205 9.5419 -0.0000 0.0131 -0.0000 0.9999
1620709852.345603 4.7559 -0.0205 9.5406 -0.0000 0.0000 -0.0000 1.0000
1620709852.378936 4.7559 -0.0205 9.5393 -0.0000 -0.0131 -0.0000 0.9999
1620709852.412270 4.7559 -0.0205 9.5380 -0.0000 -0.0262 -0.0000 0.9997
1620709852.445603 4.7560 -0.0205 9.5367 -0.0000 -0.0393 -0.0000 0.9992
1620709852.478936 4.7562 -0.0205 9.5354 -0.0000 -0.0523 -0.0000 0.9986
1620709852.512269 4.7563 -0.0205 9.5341 -0.0000 -0.0654 -0.0000 0.9979
1620709852.545603 4.7565 -0.0205 9.5328 -0.0000 -0.0785 -0.0000 0.9969
1620709852.578936 4.7567 -0.0205 9.5315 -0.0000 -0.0915 -0.0000 0.9958
1620709852.612269 4.7570 -0.0205 9.5302 -0.0000 -0.1045 -0.0000 0.9945
1620709852.645603 4.7573 -0.0205 9.5289 -0.0000 -0.1175 -0.0000 0.9931
1620709852.678936 4.7576 -0.0205 9.5277 -0.0000 -0.1305 -0.0000 0.9914
1620709852.712269 4.7579 -0.0205 9.5264 -0.0000 -0.1435 -0.0000 0.9897
1620709852.745603 4.7583 -0.0205 9.5251 -0.0000 -0.1564 -0.0000 0.9877
1620709852.778936 4.7587 -0.0205 9.5239 -0.0000 -0.1693 -0.0000 0.9856
1620709852.812269 4.7592 -0.0205 9.5227 -0.0000 -0.1822 -0.0000 0.9833
1620709852.845603 4.7597 -0.0205 9.5215 -0.0000 -0.1951 -0.0000 0.9808
1620709852.878936 4.7602 -0.0205 9.5203 -0.0000 -0.2079 -0.0000 0.9781
1620709852.912269 4.7608 -0.0205 9.5191 -0.0000 -0.2207 -0.0000 0.9753
1620709852.945602 4.7613 -0.0205 9.5179 -0.0000 -0.2334 -0.0000 0.9724
1620709852.978936 4.7619 -0.0205 9.5167 -0.0000 -0.2462 -0.0000 0.9692
1620709853.012269 4.7626 -0.0205 9.5156 -0.0000 -0.2588 -0.0000 0.9659
1620709853.045602 4.7632 -0.0205 9.5145 -0.0000 -0.2714 -0.0000 0.9625
1620709853.078936 4.7639 -0.0205 9.5134 -0.0000 -0.2840 -0.0000 0.9588
1620709853.112269 4.7647 -0.0205 9.5123 -0.0000 -0.2965 -0.0000 0.9550
1620709853.145602 4.7654 -0.0205 9.5112 -0.0000 -0.3090 -0.0000 0.9511
1620709853.178936 4.7662 -0.0205 9.5102 -0.0000 -0.3214 -0.0000 0.9469
1620709853.212269 4.7670 -0.0205 9.5091 -0.0000 -0.3338 -0.0000 0.9426
1620709853.245602 4.7679 -0.0205 9.5081 -0.0000 -0.3461 -0.0000 0.9382
1620709853.278935 4.7687 -0.0205 9.5071 -0.0000 -0.3584 -0.0000 0.9336
1620709853.312269 4.7696 -0.0205 9.5062 -0.0000 -0.3706 -0.0000 0.9288
1620709853.345602 4.7705 -0.0205 9.5052 -0.0000 -0.3827 -0.0000 0.9239
1620709853.378935 4.7715 -0.0205 9.5043 -0.0000 -0.3947 -0.0000 0.9188
1620709853.412269 4.7724 -0.0205 9.5034 -0.0000 -0.4067 -0.0000 0.9135
1620709853.445602 4.7734 -0.0205 9.5026 -0.0000 -0.4187 -0.0000 0.9081
1620709853.478935 4.7744 -0.0205 9.5017 -0.0000 -0.4305 -0.0000 0.9026
1620709853.512269 4.7754 -0.0205 9.5009 -0.0000 -0.4423 -0.0000 0.8969
1620709853.545602 4.7765 -0.0205 9.5001 -0.0000 -0.4540 -0.0000 0.8910
1620709853.578935 4.7776 -0.0205 9.4994 -0.0000 -0.4656 -0.0000 0.8850
1620709853.612268 4.7786 -0.0205 9.4987 -0.0000 -0.4772 -0.0000 0.8788
1620709853.645602 4.7798 -0.0205 9.4980 -0.0000 -0.4886 -0.0000 0.8725
1620709853.678935 4.7809 -0.0205 9.4973 -0.0000 -0.5000 -0.0000 0.8660
1620709853.712268 4.7820 -0.0205 9.4967 -0.0000 -0.5113 -0.0000 0.8594
1620709853.745602 4.7832 -0.0205 9.4960 -0.0000 -0.5225 -0.0000 0.8526
1620709853.778935 4.7844 -0.0205 9.4955 -0.0000 -0.5336 -0.0000 0.8457
1620709853.812268 4.7855 -0.0205 9.4949 -0.0000 -0.5446 -0.0000 0.8387
1620709853.845602 4.7867 -0.0205 9.4944 -0.0000 -0.5556 -0.0000 0.8315
1620709853.878935 4.7880 -0.0205 9.4939 -0.0000 -0.5664 -0.0000 0.8241
1620709853.912268 4.7892 -0.0205 9.4935 -0.0000 -0.5771 -0.0000 0.8166
1620709853.945601 4.7904 -0.0205 9.4930 -0.0000 -0.5878 -0.0000 0.8090
1620709853.978935 4.7917 -0.0205 9.4927 -0.0000 -0.5983 -0.0000 0.8013
1620709854.012268 4.7929 -0.0205 9.4923 -0.0000 -0.6088 -0.0000 0.7934
1620709854.045601 4.7942 -0.0205 9.4920 -0.0000 -0.6191 -0.0000 0.7853
1620709854.078935 4.7955 -0.0205 9.4917 -0.0000 -0.6293 -0.0000 0.7771
1620709854.112268 4.7968 -0.0205 9.4914 -0.0000 -0.6394 -0.0000 0.7688
1620709854.145601 4.7981 -0.0205 9.4912 -0.0000 -0.6494 -0.0000 0.7604
1620709854.178935 4.7994 -0.0205 9.4910 -0.0000 -0.6593 -0.0000 0.7518
1620709854.212268 4.8007 -0.0205 9.4909 -0.0000 -0.6691 -0.0000 0.7431
1620709854.245601 4.8020 -0.0205 9.4907 -0.0000 -0.6788 -0.0000 0.7343
1620709854.278934 4.7521 -0.0192 9.4947 -0.0000 -0.6788 -0.0000 0.7343
1620709854.312268 4.7023 -0.0180 9.4986 -0.0000 -0.6788 -0.0000 0.7343
1620709854.345601 4.6524 -0.0167 9.5025 -0.0000 -0.6788 -0.0000 0.7343
1620709854.378934 4.6026 -0.0154 9.5064 -0.0000 -0.6788 -0.0000 0.7343
1620709854.412268 4.5527 -0.0141 9.5104 -0.0000 -0.6788 -0.0000 0.7343
1620709854.445601 4.5029 -0.0128 9.5143 -0.0000 -0.6788 -0.0000 0.7343
1620709854.478934 4.4530 -0.0115 9.5182 -0.0000 -0.6788 -0.0000 0.7343
1620709854.512268 4.4032 -0.0102 9.5221 -0.0000 -0.6788 -0.0000 0.7343
1620709854.545601 4.4045 -0.0102 9.5221 -0.0000 -0.6884 -0.0000 0.7254
1620709854.578934 4.4058 -0.0102 9.5220 -0.0000 -0.6978 -0.0000 0.7163
1620709854.612267 4.3558 -0.0089 9.5233 -0.0000 -0.6978 -0.0000 0.7163
1620709854.645601 4.3058 -0.0077 9.5246 -0.0000 -0.6978 -0.0000 0.7163
1620709854.678934 4.2559 -0.0064 9.5259 -0.0000 -0.6978 -0.0000 0.7163
1620709854.712267 4.2059 -0.0051 9.5272 -0.0000 -0.6978 -0.0000 0.7163
1620709854.745601 4.1559 -0.0039 9.5285 -0.0000 -0.6978 -0.0000 0.7163
1620709854.778934 4.1059 -0.0034 9.5299 -0.0000 -0.6978 -0.0000 0.7163
1620709854.812267 4.0559 -0.0035 9.5312 -0.0000 -0.6978 -0.0000 0.7163
1620709854.845601 4.0059 -0.0035 9.5325 -0.0000 -0.6978 -0.0000 0.7163
1620709854.878934 3.9560 -0.0035 9.5338 -0.0000 -0.6978 -0.0000 0.7163
1620709854.912267 3.9060 -0.0035 9.5351 -0.0000 -0.6978 -0.0000 0.7163
1620709854.945601 3.8560 -0.0036 9.5364 -0.0000 -0.6978 -0.0000 0.7163
1620709854.978934 3.8060 -0.0036 9.5377 -0.0000 -0.6978 -0.0000 0.7163
1620709855.012267 3.7560 -0.0036 9.5390 -0.0000 -0.6978 -0.0000 0.7163
1620709855.045600 3.7060 -0.0037 9.5403 -0.0000 -0.6978 -0.0000 0.7163
1620709855.078934 3.6561 -0.0037 9.5416 -0.0000 -0.6978 -0.0000 0.7163
1620709855.112267 3.6061 -0.0037 9.5429 -0.0000 -0.6978 -0.0000 0.7163
1620709855.145600 3.5561 -0.0037 9.5442 -0.0000 -0.6978 -0.0000 0.7163
1620709855.178934 3.5061 -0.0038 9.5456 -0.0000 -0.6978 -0.0000 0.7163
1620709855.212267 3.4561 -0.0038 9.5469 -0.0000 -0.6978 -0.0000 0.7163
1620709855.245600 3.4061 -0.0038 9.5482 -0.0000 -0.6978 -0.0000 0.7163
1620709855.278934 3.3562 -0.0038 9.5495 -0.0000 -0.6978 -0.0000 0.7163
1620709855.312267 3.3062 -0.0039 9.5508 -0.0000 -0.6978 -0.0000 0.7163
1620709855.345600 3.2562 -0.0039 9.5521 -0.0000 -0.6978 -0.0000 0.7163
1620709855.378933 3.2062 -0.0039 9.5534 -0.0000 -0.6978 -0.0000 0.7163
1620709855.412267 3.1562 -0.0040 9.5547 -0.0000 -0.6978 -0.0000 0.7163
1620709855.445600 3.1063 -0.0040 9.5560 -0.0000 -0.6978 -0.0000 0.7163
1620709855.478933 3.0563 -0.0040 9.5573 -0.0000 -0.6978 -0.0000 0.7163
1620709855.512267 3.0063 -0.0040 9.5586 -0.0000 -0.6978 -0.0000 0.7163
1620709855.545600 2.9563 -0.0041 9.5599 -0.0000 -0.6978 -0.0000 0.7163
1620709855.578933 2.9063 -0.0041 9.5613 -0.0000 -0.6978 -0.0000 0.7163
1620709855.612267 2.8563 -0.0041 9.5626 -0.0000 -0.6978 -0.0000 0.7163
1620709855.645600 2.8064 -0.0041 9.5639 -0.0000 -0.6978 -0.0000 0.7163
1620709855.678933 2.7564 -0.0042 9.5652 -0.0000 -0.6978 -0.0000 0.7163
1620709855.712266 2.7064 -0.0042 9.5665 -0.0000 -0.6978 -0.0000 0.7163
1620709855.745600 2.6564 -0.0042 9.5678 -0.0000 -0.6978 -0.0000 0.7163
1620709855.778933 2.6064 -0.0043 9.5691 -0.0000 -0.6978 -0.0000 0.7163
1620709855.812266 2.5564 -0.0043 9.5704 -0.0000 -0.6978 -0.0000 0.7163
1620709855.845600 2.5065 -0.0043 9.5717 -0.0000 -0.6978 -0.0000 0.7163
1620709855.878933 2.4565 -0.0043 9.5730 -0.0000 -0.6978 -0.0000 0.7163
1620709855.912266 2.4065 -0.0044 9.5743 -0.0000 -0.6978 -0.0000 0.7163
1620709855.945600 2.3565 -0.0044 9.5756 -0.0000 -0.6978 -0.0000 0.7163
1620709855.978933 2.3065 -0.0044 9.5770 -0.0000 -0.6978 -0.0000 0.7163
1620709856.012266 2.2565 -0.0044 9.5783 -0.0000 -0.6978 -0.0000 0.7163
1620709856.045599 2.2066 -0.0045 9.5796 -0.0000 -0.6978 -0.0000 0.7163
1620709856.078933 2.1566 -0.0045 9.5809 -0.0000 -0.6978 -0.0000 0.7163
1620709856.112266 2.1066 -0.0045 9.5822 -0.0000 -0.6978 -0.0000 0.7163
1620709856.145599 2.0566 -0.0045 9.5835 -0.0000 -0.6978 -0.0000 0.7163
1620709856.178933 2.0066 -0.0046 9.5848 -0.0000 -0.6978 -0.0000 0.7163
1620709856.212266 1.9566 -0.0046 9.5861 -0.0000 -0.6978 -0.0000 0.7163
1620709856.245599 1.9067 -0.0046 9.5874 -0.0000 -0.6978 -0.0000 0.7163
1620709856.278933 1.8567 -0.0047 9.5887 -0.0000 -0.6978 -0.0000 0.7163
1620709856.312266 1.8067 -0.0047 9.5900 -0.0000 -0.6978 -0.0000 0.7163
1620709856.345599 1.7567 -0.0047 9.5913 -0.0000 -0.6978 -0.0000 0.7163
1620709856.378932 1.7067 -0.0047 9.5927 -0.0000 -0.6978 -0.0000 0.7163
1620709856.412266 1.6567 -0.0046 9.5940 -0.0000 -0.6978 -0.0000 0.7163
1620709856.445599 1.6068 -0.0046 9.5953 -0.0000 -0.6978 -0.0000 0.7163
1620709856.478932 1.5568 -0.0045 9.5966 -0.0000 -0.6978 -0.0000 0.7163
1620709856.512266 1.5068 -0.0044 9.5979 -0.0000 -0.6978 -0.0000 0.7163
1620709856.545599 1.4568 -0.0043 9.5992 -0.0000 -0.6978 -0.0000 0.7163
1620709856.578932 1.4068 -0.0041 9.6005 -0.0000 -0.6978 -0.0000 0.7163
1620709856.612266 1.3569 -0.0040 9.6018 -0.0000 -0.6978 -0.0000 0.7163
1620709856.645599 1.3069 -0.0038 9.6031 -0.0000 -0.6978 -0.0000 0.7163
1620709856.678932 1.2569 -0.0037 9.6044 -0.0000 -0.6978 -0.0000 0.7163
1620709856.712265 1.2069 -0.0035 9.6057 -0.0000 -0.6978 -0.0000 0.7163
1620709856.745599 1.1569 -0.0035 9.6070 -0.0000 -0.6978 -0.0000 0.7163
1620709856.778932 1.1069 -0.0035 9.6084 -0.0000 -0.6978 -0.0000 0.7163
1620709856.812265 1.0570 -0.0034 9.6097 -0.0000 -0.6978 -0.0000 0.7163
1620709856.845599 1.0070 -0.0034 9.6110 -0.0000 -0.6978 -0.0000 0.7163
1620709856.878932 0.9570 -0.0033 9.6123 -0.0000 -0.6978 -0.0000 0.7163
1620709856.912265 0.9070 -0.0033 9.6136 -0.0000 -0.6978 -0.0000 0.7163
1620709856.945599 0.8570 -0.0031 9.6149 -0.0000 -0.6978 -0.0000 0.7163
1620709856.978932 0.8070 -0.0029 9.6162 -0.0000 -0.6978 -0.0000 0.7163
1620709857.012265 0.7571 -0.0027 9.6175 -0.0000 -0.6978 -0.0000 0.7163
1620709857.045599 0.7071 -0.0025 9.6188 -0.0000 -0.6978 -0.0000 0.7163
1620709857.078932 0.6571 -0.0023 9.6201 -0.0000 -0.6978 -0.0000 0.7163
1620709857.112265 0.6071 -0.0024 9.6214 -0.0000 -0.6978 -0.0000 0.7163
1620709857.145598 0.5571 -0.0025 9.6227 -0.0000 -0.6978 -0.0000 0.7163
1620709857.178932 0.5071 -0.0026 9.6241 -0.0000 -0.6978 -0.0000 0.7163
1620709857.212265 0.4572 -0.0027 9.6254 -0.0000 -0.6978 -0.0000 0.7163
1620709857.245598 0.4072 -0.0028 9.6267 -0.0000 -0.6978 -0.0000 0.7163
1620709857.278932 0.3572 -0.0023 9.6280 -0.0000 -0.6978 -0.0000 0.7163
1620709857.312265 0.3072 -0.0013 9.6293 -0.0000 -0.6978 -0.0000 0.7163
1620709857.345598 0.2572 -0.0002 9.6306 -0.0000 -0.6978 -0.0000 0.7163
1620709857.378932 0.2072 0.0008 9.6319 -0.0000 -0.6978 -0.0000 0.7163
1620709857.412265 0.1573 0.0018 9.6332 -0.0000 -0.6978 -0.0000 0.7163
1620709857.445598 0.1073 0.0028 9.6345 -0.0000 -0.6978 -0.0000 0.7163
1620709857.478931 0.0573 0.0031 9.6358 -0.0000 -0.6978 -0.0000 0.7163
1620709857.512265 0.0073 0.0028 9.6371 -0.0000 -0.6978 -0.0000 0.7163
1620709857.545598 -0.0427 0.0025 9.6385 -0.0000 -0.6978 -0.0000 0.7163
1620709857.578931 -0.0927 0.0022 9.6398 -0.0000 -0.6978 -0.0000 0.7163
1620709857.612265 -0.1426 0.0019 9.6411 -0.0000 -0.6978 -0.0000 0.7163
1620709857.645598 -0.1926 0.0016 9.6424 -0.0000 -0.6978 -0.0000 0.7163
1620709857.678931 -0.2426 0.0012 9.6437 -0.0000 -0.6978 -0.0000 0.7163
1620709857.712265 -0.2926 0.0009 9.6450 -0.0000 -0.6978 -0.0000 0.7163
1620709857.745598 -0.3426 0.0011 9.6463 -0.0000 -0.6978 -0.0000 0.7163
1620709857.778931 -0.3926 0.0025 9.6476 -0.0000 -0.6978 -0.0000 0.7163
1620709857.812264 -0.4425 0.0029 9.6489 -0.0000 -0.6978 -0.0000 0.7163
1620709857.845598 -0.4925 0.0030 9.6502 -0.0000 -0.6978 -0.0000 0.7163
1620709857.878931 -0.5425 0.0030 9.6515 -0.0000 -0.6978 -0.0000 0.7163
1620709857.912264 -0.5925 0.0031 9.6528 -0.0000 -0.6978 -0.0000 0.7163
1620709857.945598 -0.6425 0.0031 9.6542 -0.0000 -0.6978 -0.0000 0.7163
1620709857.978931 -0.6924 0.0032 9.6555 -0.0000 -0.6978 -0.0000 0.7163
1620709858.012264 -0.7424 0.0032 9.6568 -0.0000 -0.6978 -0.0000 0.7163
1620709858.045598 -0.7924 0.0033 9.6581 -0.0000 -0.6978 -0.0000 0.7163
1620709858.078931 -0.8424 0.0033 9.6594 -0.0000 -0.6978 -0.0000 0.7163
1620709858.112264 -0.8924 0.0034 9.6607 -0.0000 -0.6978 -0.0000 0.7163
1620709858.145597 -0.9424 0.0034 9.6620 -0.0000 -0.6978 -0.0000 0.7163
1620709858.178931 -0.9411 0.0034 9.6620 -0.0000 -0.7071 -0.0000 0.7071
1620709858.212264 -0.9397 0.0034 9.6620 -0.0000 -0.7163 -0.0000 0.6978
1620709858.245597 -0.9384 0.0034 9.6621 -0.0000 -0.7254 -0.0000 0.6884
1620709858.278931 -0.9371 0.0034 9.6621 -0.0000 -0.7343 -0.0000 0.6788
1620709858.312264 -0.9358 0.0034 9.6623 -0.0000 -0.7431 -0.0000 0.6691
1620709858.345597 -0.9345 0.0034 9.6624 -0.0000 -0.7518 -0.0000 0.6593
1620709858.378931 -0.9332 0.0034 9.6626 -0.0000 -0.7604 -0.0000 0.6494
1620709858.412264 -0.9319 0.0034 9.6628 -0.0000 -0.7688 -0.0000 0.6394
1620709858.445597 -0.9307 0.0034 9.6631 -0.0000 -0.7771 -0.0000 0.6293
1620709858.478930 -0.9294 0.0034 9.6634 -0.0000 -0.7853 -0.0000 0.6191
1620709858.512264 -0.9281 0.0034 9.6637 -0.0000 -0.7934 -0.0000 0.6088
1620709858.545597 -0.9269 0.0034 9.6640 -0.0000 -0.8013 -0.0000 0.5983
1620709858.578930 -0.9256 0.0034 9.6644 -0.0000 -0.8090 -0.0000 0.5878
1620709858.612264 -0.9244 0.0034 9.6649 -0.0000 -0.8166 -0.0000 0.5771
1620709858.645597 -0.9231 0.0034 9.6653 -0.0000 -0.8241 -0.0000 0.5664
1620709858.678930 -0.9219 0.0034 9.6658 -0.0000 -0.8315 -0.0000 0.5556
1620709858.712264 -0.9207 0.0034 9.6663 -0.0000 -0.8387 -0.0000 0.5446
1620709858.745597 -0.9195 0.0034 9.6669 -0.0000 -0.8457 -0.0000 0.5336
1620709858.778930 -0.9184 0.0034 9.6674 -0.0000 -0.8526 -0.0000 0.5225
1620709858.812263 -0.9172 0.0034 9.6680 -0.0000 -0.8594 -0.0000 0.5113
1620709858.845597 -0.9161 0.0034 9.6687 -0.0000 -0.8660 -0.0000 0.5000
1620709858.878930 -0.9149 0.0034 9.6694 -0.0000 -0.8725 -0.0000 0.4886
1620709858.912263 -0.9138 0.0034 9.6701 -0.0000 -0.8788 -0.0000 0.4772
1620709858.945597 -0.9127 0.0034 9.6708 -0.0000 -0.8850 -0.0000 0.4656
1620709858.978930 -0.9117 0.0034 9.6715 -0.0000 -0.8910 -0.0000 0.4540
1620709859.012263 -0.9106 0.0034 9.6723 -0.0000 -0.8969 -0.0000 0.4423
1620709859.045597 -0.9096 0.0034 9.6731 -0.0000 -0.9026 -0.0000 0.4305
1620709859.078930 -0.9086 0.0034 9.6740 -0.0000 -0.9081 -0.0000 0.4187
1620709859.112263 -0.9076 0.0034 9.6748 -0.0000 -0.9135 -0.0000 0.4067
1620709859.145597 -0.9066 0.0034 9.6757 -0.0000 -0.9188 -0.0000 0.3947
1620709859.178930 -0.9057 0.0034 9.6766 -0.0000 -0.9239 -0.0000 0.3827
1620709859.212263 -0.9048 0.0034 9.6776 -0.0000 -0.9288 -0.0000 0.3706
1620709859.245596 -0.9039 0.0034 9.6785 -0.0000 -0.9336 -0.0000 0.3584
1620709859.278930 -0.9030 0.0034 9.6795 -0.0000 -0.9382 -0.0000 0.3461
1620709859.312263 -0.9022 0.0034 9.6805 -0.0000 -0.9426 -0.0000 0.3338
1620709859.345596 -0.9014 0.0034 9.6815 -0.0000 -0.9469 -0.0000 0.3214
1620709859.378930 -0.9006 0.0034 9.6826 -0.0000 -0.9511 -0.0000 0.3090
1620709859.412263 -0.8998 0.0034 9.6837 -0.0000 -0.9550 -0.0000 0.2965
1620709859.445596 -0.8991 0.0034 9.6848 -0.0000 -0.9588 -0.0000 0.2840
1620709859.478930 -0.8984 0.0034 9.6859 -0.0000 -0.9625 -0.0000 0.2714
1620709859.512263 -0.8978 0.0034 9.6870 -0.0000 -0.9659 -0.0000 0.2588
1620709859.545596 -0.8971 0.0034 9.6881 -0.0000 -0.9692 -0.0000 0.2462
1620709859.578929 -0.9210 0.0022 9.6442 -0.0000 -0.9692 -0.0000 0.2462
1620709859.612263 -0.9448 0.0010 9.6002 -0.0000 -0.9692 -0.0000 0.2462
1620709859.645596 -0.9687 -0.0002 9.5563 -0.0000 -0.9692 -0.0000 0.2462
1620709859.678929 -0.9925 -0.0014 9.5124 -0.0000 -0.9692 -0.0000 0.2462
1620709859.712263 -1.0164 -0.0026 9.4684 -0.0000 -0.9692 -0.0000 0.2462
1620709859.745596 -1.0403 -0.0037 9.4245 -0.0000 -0.9692 -0.0000 0.2462
1620709859.778929 -1.0641 -0.0049 9.3805 -0.0000 -0.9692 -0.0000 0.2462
1620709859.812263 -1.0880 -0.0061 9.3366 -0.0000 -0.9692 -0.0000 0.2462
1620709859.845596 -1.1118 -0.0073 9.2927 -0.0000 -0.9692 -0.0000 0.2462
1620709859.878929 -1.1357 -0.0085 9.2487 -0.0000 -0.9692 -0.0000 0.2462
1620709859.912262 -1.1596 -0.0097 9.2048 -0.0000 -0.9692 -0.0000 0.2462
1620709859.945596 -1.1834 -0.0109 9.1608 -0.0000 -0.9692 -0.0000 0.2462
1620709859.978929 -1.2073 -0.0121 9.1169 -0.0000 -0.9692 -0.0000 0.2462
1620709860.012262 -1.2311 -0.0133 9.0730 -0.0000 -0.9692 -0.0000 0.2462
1620709860.045596 -1.2550 -0.0145 9.0290 -0.0000 -0.9692 -0.0000 0.2462
1620709860.078929 -1.2788 -0.0157 8.9851 -0.0000 -0.9692 -0.0000 0.2462
1620709860.112262 -1.3027 -0.0169 8.9411 -0.0000 -0.9692 -0.0000 0.2462
1620709860.145596 -1.3266 -0.0181 8.8972 -0.0000 -0.9692 -0.0000 0.2462
1620709860.178929 -1.3504 -0.0193 8.8533 -0.0000 -0.9692 -0.0000 0.2462
1620709860.212262 -1.3743 -0.0205 8.8093 -0.0000 -0.9692 -0.0000 0.2462
1620709860.245595 -1.3981 -0.0217 8.7654 -0.0000 -0.9692 -0.0000 0.2462
1620709860.278929 -1.4220 -0.0229 8.7214 -0.0000 -0.9692 -0.0000 0.2462
1620709860.312262 -1.4458 -0.0241 8.6775 -0.0000 -0.9692 -0.0000 0.2462
1620709860.345595 -1.4697 -0.0253 8.6336 -0.0000 -0.9692 -0.0000 0.2462
1620709860.378929 -1.4936 -0.0265 8.5896 -0.0000 -0.9692 -0.0000 0.2462
1620709860.412262 -1.5174 -0.0277 8.5457 -0.0000 -0.9692 -0.0000 0.2462
1620709860.445595 -1.5413 -0.0289 8.5017 -0.0000 -0.9692 -0.0000 0.2462
1620709860.478929 -1.5651 -0.0301 8.4578 -0.0000 -0.9692 -0.0000 0.2462
1620709860.512262 -1.5645 -0.0301 8.4590 -0.0000 -0.9724 -0.0000 0.2334
1620709860.545595 -1.5639 -0.0301 8.4601 -0.0000 -0.9753 -0.0000 0.2207
1620709860.578928 -1.5634 -0.0301 8.4613 -0.0000 -0.9781 -0.0000 0.2079
1620709860.612262 -1.5629 -0.0301 8.4625 -0.0000 -0.9808 -0.0000 0.1951
1620709860.645595 -1.5624 -0.0301 8.4637 -0.0000 -0.9833 -0.0000 0.1822
1620709860.678928 -1.5619 -0.0301 8.4650 -0.0000 -0.9856 -0.0000 0.1693
1620709860.712262 -1.5615 -0.0301 8.4662 -0.0000 -0.9877 -0.0000 0.1564
1620709860.745595 -1.5611 -0.0301 8.4674 -0.0000 -0.9897 -0.0000 0.1435
1620709860.778928 -1.5608 -0.0301 8.4687 -0.0000 -0.9914 -0.0000 0.1305
1620709860.812262 -1.5605 -0.0301 8.4700 -0.0000 -0.9931 -0.0000 0.1175
1620709860.845595 -1.5721 -0.0314 8.4214 -0.0000 -0.9931 -0.0000 0.1175
1620709860.878928 -1.5838 -0.0327 8.3727 -0.0000 -0.9931 -0.0000 0.1175
1620709860.912261 -1.5955 -0.0340 8.3241 -0.0000 -0.9931 -0.0000 0.1175
1620709860.945595 -1.6071 -0.0354 8.2755 -0.0000 -0.9931 -0.0000 0.1175
1620709860.978928 -1.6188 -0.0367 8.2269 -0.0000 -0.9931 -0.0000 0.1175
1620709861.012261 -1.6305 -0.0380 8.1783 -0.0000 -0.9931 -0.0000 0.1175
1620709861.045595 -1.6422 -0.0393 8.1296 -0.0000 -0.9931 -0.0000 0.1175
1620709861.078928 -1.6538 -0.0407 8.0810 -0.0000 -0.9931 -0.0000 0.1175
1620709861.112261 -1.6655 -0.0420 8.0324 -0.0000 -0.9931 -0.0000 0.1175
1620709861.145595 -1.6772 -0.0433 7.9838 -0.0000 -0.9931 -0.0000 0.1175
1620709861.178928 -1.6889 -0.0447 7.9352 -0.0000 -0.9931 -0.0000 0.1175
1620709861.212261 -1.7005 -0.0460 7.8866 -0.0000 -0.9931 -0.0000 0.1175
1620709861.245595 -1.7122 -0.0473 7.8379 -0.0000 -0.9931 -0.0000 0.1175
1620709861.278928 -1.7239 -0.0486 7.7893 -0.0000 -0.9931 -0.0000 0.1175
1620709861.312261 -1.7355 -0.0500 7.7407 -0.0000 -0.9931 -0.0000 0.1175
1620709861.345594 -1.7472 -0.0513 7.6921 -0.0000 -0.9931 -0.0000 0.1175
1620709861.378928 -1.7589 -0.0526 7.6435 -0.0000 -0.9931 -0.0000 0.1175
1620709861.412261 -1.7706 -0.0539 7.5948 -0.0000 -0.9931 -0.0000 0.1175
1620709861.445594 -1.7822 -0.0553 7.5462 -0.0000 -0.9931 -0.0000 0.1175
1620709861.478928 -1.7939 -0.0566 7.4976 -0.0000 -0.9931 -0.0000 0.1175
1620709861.512261 -1.8056 -0.0579 7.4490 -0.0000 -0.9931 -0.0000 0.1175
1620709861.545594 -1.8172 -0.0593 7.4004 -0.0000 -0.9931 -0.0000 0.1175
1620709861.578928 -1.8289 -0.0606 7.3518 -0.0000 -0.9931 -0.0000 0.1175
1620709861.612261 -1.8406 -0.0619 7.3031 -0.0000 -0.9931 -0.0000 0.1175
1620709861.645594 -1.8523 -0.0632 7.2545 -0.0000 -0.9931 -0.0000 0.1175
1620709861.678927 -1.8520 -0.0632 7.2558 -0.0000 -0.9945 -0.0000 0.1045
1620709861.712261 -1.8517 -0.0632 7.2571 -0.0000 -0.9958 -0.0000 0.0915
1620709861.745594 -1.8515 -0.0632 7.2584 -0.0000 -0.9969 -0.0000 0.0785
1620709861.778927 -1.8513 -0.0632 7.2597 -0.0000 -0.9979 -0.0000 0.0654
1620709861.812261 -1.8512 -0.0632 7.2610 -0.0000 -0.9986 -0.0000 0.0523
1620709861.845594 -1.8510 -0.0632 7.2623 -0.0000 -0.9992 -0.0000 0.0393
1620709861.878927 -1.8510 -0.0632 7.2636 -0.0000 -0.9997 -0.0000 0.0262
1620709861.912261 -1.8509 -0.0632 7.2649 -0.0000 -0.9999 -0.0000 0.0131
1620709861.945594 -1.8522 -0.0646 7.2149 -0.0000 -0.9999 -0.0000 0.0131
1620709861.978927 -1.8535 -0.0660 7.1649 -0.0000 -0.9999 -0.0000 0.0131
1620709862.012260 -1.8548 -0.0673 7.1149 -0.0000 -0.9999 -0.0000 0.0131
1620709862.045594 -1.8561 -0.0687 7.0650 -0.0000 -0.9999 -0.0000 0.0131
1620709862.078927 -1.8574 -0.0701 7.0150 -0.0000 -0.9999 -0.0000 0.0131
1620709862.112260 -1.8574 -0.0701 7.0163 -0.0000 -1.0000 -0.0000 0.0000
1620709862.145594 -1.8574 -0.0701 7.0176 -0.0000 -0.9999 -0.0000 -0.0131
1620709862.178927 -1.8561 -0.0714 6.9676 -0.0000 -0.9999 -0.0000 -0.0131
1620709862.212260 -1.8548 -0.0728 6.9176 -0.0000 -0.9999 -0.0000 -0.0131
1620709862.245594 -1.8535 -0.0742 6.8676 -0.0000 -0.9999 -0.0000 -0.0131
1620709862.278927 -1.8522 -0.0756 6.8177 -0.0000 -0.9999 -0.0000 -0.0131
1620709862.312260 -1.8509 -0.0769 6.7677 -0.0000 -0.9999 -0.0000 -0.0131
1620709862.345593 -1.8496 -0.0783 6.7177 -0.0000 -0.9999 -0.0000 -0.0131
1620709862.378927 -1.8483 -0.0797 6.6677 -0.0000 -0.9999 -0.0000 -0.0131
1620709862.412260 -1.8470 -0.0810 6.6177 -0.0000 -0.9999 -0.0000 -0.0131
1620709862.445593 -1.8457 -0.0824 6.5677 -0.0000 -0.9999 -0.0000 -0.0131
1620709862.478927 -1.8444 -0.0838 6.5178 -0.0000 -0.9999 -0.0000 -0.0131
1620709862.512260 -1.8430 -0.0851 6.4678 -0.0000 -0.9999 -0.0000 -0.0131
1620709862.545593 -1.8417 -0.0865 6.4178 -0.0000 -0.9999 -0.0000 -0.0131
1620709862.578927 -1.8404 -0.0879 6.3678 -0.0000 -0.9999 -0.0000 -0.0131
1620709862.612260 -1.8391 -0.0892 6.3178 -0.0000 -0.9999 -0.0000 -0.0131
1620709862.645593 -1.8378 -0.0906 6.2678 -0.0000 -0.9999 -0.0000 -0.0131
1620709862.678926 -1.8365 -0.0920 6.2179 -0.0000 -0.9999 -0.0000 -0.0131
1620709862.712260 -1.8366 -0.0920 6.2192 -0.0000 -0.9997 -0.0000 -0.0262
1620709862.745593 -1.8366 -0.0920 6.2205 -0.0000 -0.9992 -0.0000 -0.0393
1620709862.778926 -1.8327 -0.0933 6.1706 -0.0000 -0.9992 -0.0000 -0.0393
1620709862.812260 -1.8288 -0.0947 6.1208 -0.0000 -0.9992 -0.0000 -0.0393
1620709862.845593 -1.8249 -0.0961 6.0709 -0.0000 -0.9992 -0.0000 -0.0393
1620709862.878926 -1.8209 -0.0974 6.0211 -0.0000 -0.9992 -0.0000 -0.0393
1620709862.912260 -1.8170 -0.0988 5.9712 -0.0000 -0.9992 -0.0000 -0.0393
1620709862.945593 -1.8171 -0.0988 5.9725 -0.0000 -0.9986 -0.0000 -0.0523
1620709862.978926 -1.8173 -0.0988 5.9738 -0.0000 -0.9979 -0.0000 -0.0654
1620709863.012259 -1.8108 -0.0991 5.9243 -0.0000 -0.9979 -0.0000 -0.0654
1620709863.045593 -1.8042 -0.0991 5.8747 -0.0000 -0.9979 -0.0000 -0.0654
1620709863.078926 -1.7977 -0.0991 5.8251 -0.0000 -0.9979 -0.0000 -0.0654
1620709863.112259 -1.7912 -0.0991 5.7756 -0.0000 -0.9979 -0.0000 -0.0654
1620709863.145593 -1.7847 -0.0991 5.7260 -0.0000 -0.9979 -0.0000 -0.0654
1620709863.178926 -1.7781 -0.0991 5.6764 -0.0000 -0.9979 -0.0000 -0.0654
1620709863.212259 -1.7716 -0.0991 5.6268 -0.0000 -0.9979 -0.0000 -0.0654
1620709863.245593 -1.7651 -0.0991 5.5773 -0.0000 -0.9979 -0.0000 -0.0654
1620709863.278926 -1.7586 -0.0991 5.5277 -0.0000 -0.9979 -0.0000 -0.0654
1620709863.312259 -1.7520 -0.0991 5.4781 -0.0000 -0.9979 -0.0000 -0.0654
1620709863.345592 -1.7455 -0.0991 5.4286 -0.0000 -0.9979 -0.0000 -0.0654
1620709863.378926 -1.7390 -0.0991 5.3790 -0.0000 -0.9979 -0.0000 -0.0654
1620709863.412259 -1.7325 -0.0991 5.3294 -0.0000 -0.9979 -0.0000 -0.0654
1620709863.445592 -1.7259 -0.0991 5.2798 -0.0000 -0.9979 -0.0000 -0.0654
1620709863.478926 -1.7194 -0.0991 5.2303 -0.0000 -0.9979 -0.0000 -0.0654
1620709863.512259 -1.7129 -0.0991 5.1807 -0.0000 -0.9979 -0.0000 -0.0654
1620709863.545592 -1.7064 -0.0991 5.1311 -0.0000 -0.9979 -0.0000 -0.0654
1620709863.578926 -1.6998 -0.0991 5.0816 -0.0000 -0.9979 -0.0000 -0.0654
1620709863.612259 -1.6933 -0.0991 5.0320 -0.0000 -0.9979 -0.0000 -0.0654
1620709863.645592 -1.6868 -0.0991 4.9824 -0.0000 -0.9979 -0.0000 -0.0654
1620709863.678926 -1.6802 -0.0991 4.9328 -0.0000 -0.9979 -0.0000 -0.0654
1620709863.712259 -1.6737 -0.0991 4.8833 -0.0000 -0.9979 -0.0000 -0.0654
1620709863.745592 -1.6672 -0.0991 4.8337 -0.0000 -0.9979 -0.0000 -0.0654
1620709863.778925 -1.6607 -0.0991 4.7841 -0.0000 -0.9979 -0.0000 -0.0654
1620709863.812259 -1.6541 -0.0991 4.7345 -0.0000 -0.9979 -0.0000 -0.0654
1620709863.845592 -1.6476 -0.0991 4.6850 -0.0000 -0.9979 -0.0000 -0.0654
1620709863.878925 -1.6411 -0.0991 4.6354 -0.0000 -0.9979 -0.0000 -0.0654
1620709863.912259 -1.6346 -0.0991 4.5858 -0.0000 -0.9979 -0.0000 -0.0654
1620709863.945592 -1.6280 -0.0991 4.5363 -0.0000 -0.9979 -0.0000 -0.0654
1620709863.978925 -1.6215 -0.0991 4.4867 -0.0000 -0.9979 -0.0000 -0.0654
1620709864.012259 -1.6150 -0.0991 4.4371 -0.0000 -0.9979 -0.0000 -0.0654
1620709864.045592 -1.6085 -0.0991 4.3875 -0.0000 -0.9979 -0.0000 -0.0654
1620709864.078925 -1.6019 -0.0991 4.3380 -0.0000 -0.9979 -0.0000 -0.0654
1620709864.112258 -1.5954 -0.0991 4.2884 -0.0000 -0.9979 -0.0000 -0.0654
1620709864.145592 -1.5889 -0.0991 4.2388 -0.0000 -0.9979 -0.0000 -0.0654
1620709864.178925 -1.5824 -0.0991 4.1893 -0.0000 -0.9979 -0.0000 -0.0654
1620709864.212258 -1.5758 -0.0991 4.1397 -0.0000 -0.9979 -0.0000 -0.0654
1620709864.245592 -1.5693 -0.0991 4.0901 -0.0000 -0.9979 -0.0000 -0.0654
1620709864.278925 -1.5628 -0.0991 4.0405 -0.0000 -0.9979 -0.0000 -0.0654
1620709864.312258 -1.5563 -0.0991 3.9910 -0.0000 -0.9979 -0.0000 -0.0654
1620709864.345592 -1.5497 -0.0991 3.9414 -0.0000 -0.9979 -0.0000 -0.0654
1620709864.378925 -1.5432 -0.0991 3.8918 -0.0000 -0.9979 -0.0000 -0.0654
1620709864.412258 -1.5367 -0.0991 3.8423 -0.0000 -0.9979 -0.0000 -0.0654
1620709864.445591 -1.5301 -0.0991 3.7927 -0.0000 -0.9979 -0.0000 -0.0654
1620709864.478925 -1.5236 -0.0991 3.7431 -0.0000 -0.9979 -0.0000 -0.0654
1620709864.512258 -1.5171 -0.0991 3.6935 -0.0000 -0.9979 -0.0000 -0.0654
1620709864.545591 -1.5106 -0.0991 3.6440 -0.0000 -0.9979 -0.0000 -0.0654
1620709864.578925 -1.5040 -0.0991 3.5944 -0.0000 -0.9979 -0.0000 -0.0654
1620709864.612258 -1.4975 -0.0991 3.5448 -0.0000 -0.9979 -0.0000 -0.0654
1620709864.645591 -1.4910 -0.0991 3.4952 -0.0000 -0.9979 -0.0000 -0.0654
1620709864.678925 -1.4845 -0.0991 3.4457 -0.0000 -0.9979 -0.0000 -0.0654
1620709864.712258 -1.4779 -0.0991 3.3961 -0.0000 -0.9979 -0.0000 -0.0654
1620709864.745591 -1.4714 -0.0991 3.3465 -0.0000 -0.9979 -0.0000 -0.0654
1620709864.778924 -1.4649 -0.0991 3.2970 -0.0000 -0.9979 -0.0000 -0.0654
1620709864.812258 -1.4584 -0.0991 3.2474 -0.0000 -0.9979 -0.0000 -0.0654
1620709864.845591 -1.4518 -0.0991 3.1978 -0.0000 -0.9979 -0.0000 -0.0654
1620709864.878924 -1.4453 -0.0991 3.1482 -0.0000 -0.9979 -0.0000 -0.0654
1620709864.912258 -1.4455 -0.0991 3.1495 -0.0000 -0.9969 -0.0000 -0.0785
1620709864.945591 -1.4457 -0.0991 3.1508 -0.0000 -0.9958 -0.0000 -0.0915
1620709864.978924 -1.4460 -0.0991 3.1521 -0.0000 -0.9945 -0.0000 -0.1045
1620709865.012258 -1.4463 -0.0991 3.1534 -0.0000 -0.9931 -0.0000 -0.1175
1620709865.045591 -1.4466 -0.0991 3.1547 -0.0000 -0.9914 -0.0000 -0.1305
1620709865.078924 -1.4336 -0.0991 3.1064 -0.0000 -0.9914 -0.0000 -0.1305
1620709865.112257 -1.4207 -0.0991 3.0581 -0.0000 -0.9914 -0.0000 -0.1305
1620709865.145591 -1.4078 -0.0991 3.0098 -0.0000 -0.9914 -0.0000 -0.1305
1620709865.178924 -1.3948 -0.1088 2.9615 -0.0000 -0.9914 -0.0000 -0.1305
1620709865.212257 -1.3819 -0.1317 2.9132 -0.0000 -0.9914 -0.0000 -0.1305
1620709865.245591 -1.3689 -0.1545 2.8649 -0.0000 -0.9914 -0.0000 -0.1305
1620709865.278924 -1.3560 -0.1774 2.8166 -0.0000 -0.9914 -0.0000 -0.1305
1620709865.312257 -1.3431 -0.2003 2.7683 -0.0000 -0.9914 -0.0000 -0.1305
1620709865.345591 -1.3301 -0.2021 2.7200 -0.0000 -0.9914 -0.0000 -0.1305
1620709865.378924 -1.3172 -0.1994 2.6717 -0.0000 -0.9914 -0.0000 -0.1305
1620709865.412257 -1.3042 -0.1968 2.6234 -0.0000 -0.9914 -0.0000 -0.1305
1620709865.445590 -1.2913 -0.1941 2.5751 -0.0000 -0.9914 -0.0000 -0.1305
1620709865.478924 -1.2783 -0.1914 2.5268 -0.0000 -0.9914 -0.0000 -0.1305
1620709865.512257 -1.2654 -0.1888 2.4785 -0.0000 -0.9914 -0.0000 -0.1305
1620709865.545590 -1.2525 -0.1861 2.4302 -0.0000 -0.9914 -0.0000 -0.1305
1620709865.578924 -1.2395 -0.1834 2.3819 -0.0000 -0.9914 -0.0000 -0.1305
1620709865.612257 -1.2266 -0.1807 2.3336 -0.0000 -0.9914 -0.0000 -0.1305
1620709865.645590 -1.2136 -0.1781 2.2853 -0.0000 -0.9914 -0.0000 -0.1305
1620709865.678924 -1.2007 -0.1754 2.2370 -0.0000 -0.9914 -0.0000 -0.1305
1620709865.712257 -1.1878 -0.1727 2.1887 -0.0000 -0.9914 -0.0000 -0.1305
1620709865.745590 -1.1748 -0.1701 2.1404 -0.0000 -0.9914 -0.0000 -0.1305
1620709865.778924 -1.1619 -0.1674 2.0921 -0.0000 -0.9914 -0.0000 -0.1305
1620709865.812257 -1.1489 -0.1647 2.0438 -0.0000 -0.9914 -0.0000 -0.1305
1620709865.845590 -1.1360 -0.1621 1.9956 -0.0000 -0.9914 -0.0000 -0.1305
1620709865.878923 -1.1231 -0.1594 1.9473 -0.0000 -0.9914 -0.0000 -0.1305
1620709865.912257 -1.1101 -0.1567 1.8990 -0.0000 -0.9914 -0.0000 -0.1305
1620709865.945590 -1.0972 -0.1540 1.8507 -0.0000 -0.9914 -0.0000 -0.1305
1620709865.978923 -1.0842 -0.1514 1.8024 -0.0000 -0.9914 -0.0000 -0.1305
1620709866.012257 -1.0713 -0.1487 1.7541 -0.0000 -0.9914 -0.0000 -0.1305
1620709866.045590 -1.0584 -0.1460 1.7058 -0.0000 -0.9914 -0.0000 -0.1305
1620709866.078923 -1.0454 -0.1434 1.6575 -0.0000 -0.9914 -0.0000 -0.1305
1620709866.112257 -1.0325 -0.1407 1.6092 -0.0000 -0.9914 -0.0000 -0.1305
1620709866.145590 -1.0195 -0.1380 1.5609 -0.0000 -0.9914 -0.0000 -0.1305
1620709866.178923 -1.0066 -0.1354 1.5126 -0.0000 -0.9914 -0.0000 -0.1305
1620709866.212256 -0.9936 -0.1327 1.4643 -0.0000 -0.9914 -0.0000 -0.1305
1620709866.245590 -0.9807 -0.1300 1.4160 -0.0000 -0.9914 -0.0000 -0.1305
1620709866.278923 -0.9678 -0.1274 1.3677 -0.0000 -0.9914 -0.0000 -0.1305
1620709866.312256 -0.9548 -0.1247 1.3194 -0.0000 -0.9914 -0.0000 -0.1305
1620709866.345590 -0.9419 -0.1220 1.2711 -0.0000 -0.9914 -0.0000 -0.1305
1620709866.378923 -0.9289 -0.1193 1.2228 -0.0000 -0.9914 -0.0000 -0.1305
1620709866.412256 -0.9160 -0.1167 1.1745 -0.0000 -0.9914 -0.0000 -0.1305
1620709866.445590 -0.9031 -0.1140 1.1262 -0.0000 -0.9914 -0.0000 -0.1305
1620709866.478923 -0.8901 -0.1113 1.0779 -0.0000 -0.9914 -0.0000 -0.1305
1620709866.512256 -0.8772 -0.1087 1.0296 -0.0000 -0.9914 -0.0000 -0.1305
1620709866.545589 -0.8642 -0.1060 0.9813 -0.0000 -0.9914 -0.0000 -0.1305
1620709866.578923 -0.8513 -0.1033 0.9330 -0.0000 -0.9914 -0.0000 -0.1305
1620709866.612256 -0.8384 -0.1007 0.8847 -0.0000 -0.9914 -0.0000 -0.1305
1620709866.645589 -0.8254 -0.0980 0.8365 -0.0000 -0.9914 -0.0000 -0.1305
1620709866.678923 -0.8125 -0.0953 0.7882 -0.0000 -0.9914 -0.0000 -0.1305
1620709866.712256 -0.7995 -0.0926 0.7399 -0.0000 -0.9914 -0.0000 -0.1305
1620709866.745589 -0.7866 -0.0900 0.6916 -0.0000 -0.9914 -0.0000 -0.1305
1620709866.778923 -0.7737 -0.0873 0.6433 -0.0000 -0.9914 -0.0000 -0.1305
1620709866.812256 -0.7607 -0.0846 0.5950 -0.0000 -0.9914 -0.0000 -0.1305
1620709866.845589 -0.7478 -0.0820 0.5467 -0.0000 -0.9914 -0.0000 -0.1305
1620709866.878922 -0.7348 -0.0793 0.4984 -0.0000 -0.9914 -0.0000 -0.1305
1620709866.912256 -0.7219 -0.0766 0.4501 -0.0000 -0.9914 -0.0000 -0.1305
1620709866.945589 -0.7089 -0.0740 0.4018 -0.0000 -0.9914 -0.0000 -0.1305
1620709866.978922 -0.6960 -0.0713 0.3535 -0.0000 -0.9914 -0.0000 -0.1305
1620709867.012256 -0.6831 -0.0686 0.3052 -0.0000 -0.9914 -0.0000 -0.1305
1620709867.045589 -0.6701 -0.0660 0.2569 -0.0000 -0.9914 -0.0000 -0.1305
1620709867.078922 -0.6572 -0.0633 0.2086 -0.0000 -0.9914 -0.0000 -0.1305
1620709867.112256 -0.6442 -0.0606 0.1603 -0.0000 -0.9914 -0.0000 -0.1305
1620709867.145589 -0.6313 -0.0579 0.1120 -0.0000 -0.9914 -0.0000 -0.1305
1620709867.178922 -0.6184 -0.0553 0.0637 -0.0000 -0.9914 -0.0000 -0.1305
1620709867.212255 -0.6054 -0.0526 0.0154 -0.0000 -0.9914 -0.0000 -0.1305
1620709867.245589 -0.5925 -0.0499 -0.0329 -0.0000 -0.9914 -0.0000 -0.1305
1620709867.278922 -0.5795 -0.0473 -0.0812 -0.0000 -0.9914 -0.0000 -0.1305
1620709867.312255 -0.5666 -0.0446 -0.1295 -0.0000 -0.9914 -0.0000 -0.1305
1620709867.345589 -0.5537 -0.0419 -0.1778 -0.0000 -0.9914 -0.0000 -0.1305
1620709867.378922 -0.5407 -0.0393 -0.2261 -0.0000 -0.9914 -0.0000 -0.1305
